0 0.25 0 0 2.41661 0.4 0 -1 0 0 0.1 0.25 0.1 -nan 0.989949 -0.96 -0.241661 0
0.028064 0.312438 0.0111592 0 2.05967 0.393628 0 -1 0 0 0.1 0.312637 0.1 -nan 0.989949 -0.96 -0.241661 0
0.0625878 0.378225 0.0245056 0 1.77005 0.379076 0 -1 0 0 0.1 0.379018 0.1 -nan 0.989949 -0.96 -0.241661 0
0.103881 0.446049 0.0397736 0 1.52845 0.36048 0 -1 0 0 0.1 0.447819 0.1 -nan 0.989949 -0.96 -0.241661 0
0.152117 0.514557 0.0566593 0 1.3221 0.339922 0 -1 0 0 0.1 0.517667 0.1 -nan 0.989949 -0.96 -0.241661 0
0.207333 0.582382 0.0748262 0 1.14226 0.318469 0 -1 0 0 0.1 0.58717 0.1 -nan 0.989949 -0.96 -0.241661 0
0.269425 0.648172 0.0939121 0 0.982705 0.296662 0 -1 0 0 0.1 0.65494 0.1 -nan 0.989949 -0.96 -0.241661 0
0.338152 0.710611 0.113536 0 0.838891 0.274756 0 -1 0 0 0.1 0.719624 0.1 -nan 0.989949 -0.96 -0.241661 0
0.413141 0.768454 0.133308 0 0.707388 0.252845 0 -1 0 0 0.1 0.779931 0.1 -nan 0.989949 -0.96 -0.241661 0
0.493894 0.820546 0.152831 0 0.585546 0.230931 0 -1 0 0 0.1 0.834657 0.1 -nan 0.989949 -0.96 -0.241661 0
0.579798 0.865845 0.171717 0 0.471266 0.208957 0 -1 0 0 0.1 0.882708 0.1 -nan 0.989949 -0.96 -0.241661 0
0.670137 0.903446 0.189589 0 0.362838 0.186829 0 -1 0 0 0.1 0.923124 0.1 -nan 0.989949 -0.96 -0.241661 0
0.764105 0.932597 0.206089 0 0.258831 0.164425 0 -1 0 0 0.1 0.955096 0.1 -nan 0.989949 -0.96 -0.241661 0
0.860826 0.952715 0.220888 0 0.158013 0.141599 0 -1 0 0 0.1 0.977986 0.1 -nan 0.989949 -0.96 -0.241661 0
0.959366 0.963397 0.23369 0 0.0592835 0.11818 0 -1 0 0 0.1 0.991335 0.1 -nan 0.989949 -0.96 -0.241661 0
1.05876 0.964429 0.24424 0 -0.0383693 0.0939713 0 -1 0 -0 0.1 0.994875 0.1 -nan 0.989949 -0.96 -0.241661 0
1.15801 0.955788 0.252326 0 -0.135916 0.0687442 0 -1 0 -0 0.1 0.988534 0.1 -nan 0.989949 -0.96 -0.241661 0
1.25615 0.937645 0.257786 0 -0.234324 0.0422277 0 -1 0 -0 0.1 0.972436 0.1 -nan 0.989949 -0.96 -0.241661 0
1.35221 0.910361 0.260512 0 -0.334591 0.0140988 0 -1 0 -0 0.1 0.946902 0.1 -nan 0.989949 -0.96 -0.241661 0
1.44526 0.87448 0.260448 0 -0.437796 -0.0160356 0 -1 0 -0 0.1 0.912441 0.1 -nan 0.989949 -0.96 -0.241661 0
1.53446 0.830718 0.257595 0 -0.545134 -0.0486611 0 -1 0 -0 0.1 0.869739 0.1 -nan 0.989949 -0.96 -0.241661 0
1.61901 0.779946 0.252009 0 -0.657988 -0.0843892 0 -1 0 -0 0.1 0.819649 0.1 -nan 0.989949 -0.96 -0.241661 0
1.69823 0.723178 0.243802 0 -0.777996 -0.124004 0 -1 0 -0 0.1 0.763168 0.1 -nan 0.989949 -0.96 -0.241661 0
1.77153 0.661547 0.233137 0 -0.907158 -0.168533 0 -1 0 -0 0.1 0.701425 0.1 -nan 0.989949 -0.96 -0.241661 0
1.83844 0.596283 0.220227 0 -1.04798 -0.219349 0 -1 0 -0 0.1 0.635652 0.1 -nan 0.989949 -0.96 -0.241661 0
1.89863 0.52869 0.205329 0 -1.20368 -0.278333 0 -1 0 -0 0.1 0.567162 0.1 -nan 0.989949 -0.96 -0.241661 0
1.9519 0.460118 0.188741 0 -1.37852 -0.348136 0 -1 0 -0 0.1 0.497324 0.1 -nan 0.989949 -0.96 -0.241661 0
1.99817 0.391936 0.170793 0 -1.57825 -0.432605 0 -1 0 -0 0.1 0.427533 0.1 -nan 0.989949 -0.96 -0.241661 0
2.03752 0.325508 0.151844 0 -1.81087 -0.537528 0 -1 0 -0 0.1 0.359183 0.1 -nan 0.989949 -0.96 -0.241661 0
2.07017 0.262162 0.132272 0 -2.08793 -0.672004 0 -1 0 -0 0.1 0.29364 0.1 -nan 0.989949 -0.96 -0.241661 0
2.09645 0.203165 0.112467 0 -2.42658 -0.851085 0 -1 0 -0 0.1 0.232217 0.1 -nan 0.989949 -0.96 -0.241661 0
2.11685 0.149697 0.0928259 0 -2.85335 -1.10132 0 -1 0 -0 0.1 0.176142 0.1 -nan 0.989949 -0.96 -0.241661 0
2.13195 0.102831 0.0737404 0 -3.41091 -1.4735 0 -1 0 -0 0.1 0.126538 0.1 -nan 0.989949 -0.96 -0.241661 0
2.14245 0.0635082 0.0555918 0 -4.16992 -2.07553 0 -1 0 -0 0.1 0.0844022 0.1 -nan 0.989949 -0.96 -0.241661 0
2.14914 0.0325204 0.0387424 0 -5.2427 -3.17077 0 -1 0 -0 0.1 0.0505821 0.1 -nan 0.989949 -0.96 -0.241661 0
2.1529 0.0104989 0.0235288 0 -6.7155 -5.52512 0 -1 0 -0 0.1 0.0257649 0.1 -nan 0.989949 -0.96 -0.241661 0
2.15464 -0.00209366 0.0102574 0 -7.38137 -11.5999 0 -1 0 0 0.1 0.0104689 0.1 -nan 0.989949 -0.96 -0.241661 0
2.15533 -0.00497525 -0.000778105 0 3.96178 -19.4799 0 -1 0 0 0.1 0.00503573 0.1 -nan 0.989949 -0.96 -0.241661 0
2.15597 0.00181812 -0.0093179 0 12.2315 -7.6849 0 -1 0 0 0.1 0.00949362 0.1 -nan 0.989949 -0.96 -0.241661 0
2.15754 0.0180697 -0.0152689 0 8.87091 -1.9618 0 -1 0 0 0.1 0.023657 0.1 -nan 0.989949 -0.96 -0.241661 0
2.161 0.0434936 -0.0185292 0 6.33598 -0.40008 0 -1 0 0 0.1 0.0472761 0.1 -nan 0.989949 -0.96 -0.241661 0
2.16727 0.0776051 -0.0190255 0 4.79767 0.112391 0 -1 -0 0 0.1 0.0799032 0.1 -nan 0.989949 -0.96 -0.241661 0
2.17722 0.119734 -0.0167418 0 3.80138 0.303656 0 -1 -0 0 0.1 0.120899 0.1 -nan 0.989949 -0.96 -0.241661 0
2.19166 0.169048 -0.0117202 0 3.10825 0.376053 0 -1 -0 0 0.1 0.169453 0.1 -nan 0.989949 -0.96 -0.241661 0
2.21128 0.224565 -0.00405834 0 2.5973 0.398367 0 -1 -0 0 0.1 0.224601 0.1 -nan 0.989949 -0.96 -0.241661 0
2.2367 0.285181 0.00609251 0 2.20302 0.397719 0 -1 0 0 0.1 0.285246 0.1 -nan 0.989949 -0.96 -0.241661 0
2.26841 0.34969 0.0185311 0 1.88742 0.385988 0 -1 0 0 0.1 0.35018 0.1 -nan 0.989949 -0.96 -0.241661 0
2.30677 0.416804 0.0330103 0 1.6271 0.368785 0 -1 0 0 0.1 0.418109 0.1 -nan 0.989949 -0.96 -0.241661 0
2.35202 0.485186 0.0492418 0 1.40689 0.348893 0 -1 0 0 0.1 0.487678 0.1 -nan 0.989949 -0.96 -0.241661 0
2.40425 0.553471 0.0669023 0 1.21657 0.327734 0 -1 0 0 0.1 0.5575 0.1 -nan 0.989949 -0.96 -0.241661 0
2.46341 0.620297 0.0856399 0 1.04896 0.306035 0 -1 0 0 0.1 0.626181 0.1 -nan 0.989949 -0.96 -0.241661 0
2.52933 0.68433 0.105081 0 0.89887 0.284152 0 -1 0 0 0.1 0.692351 0.1 -nan 0.989949 -0.96 -0.241661 0
2.60169 0.744291 0.124837 0 0.762451 0.262239 0 -1 0 0 0.1 0.754688 0.1 -nan 0.989949 -0.96 -0.241661 0
2.68004 0.798984 0.144515 0 0.636752 0.240331 0 -1 0 0 0.1 0.811948 0.1 -nan 0.989949 -0.96 -0.241661 0
2.76382 0.847314 0.163722 0 0.519459 0.218392 0 -1 0 0 0.1 0.862987 0.1 -nan 0.989949 -0.96 -0.241661 0
2.85235 0.888317 0.182073 0 0.408711 0.196343 0 -1 0 0 0.1 0.906785 0.1 -nan 0.989949 -0.96 -0.241661 0
2.94486 0.921173 0.199203 0 0.302969 0.174074 0 -1 0 0 0.1 0.942466 0.1 -nan 0.989949 -0.96 -0.241661 0
3.04052 0.945225 0.21477 0 0.200925 0.151448 0 -1 0 0 0.1 0.969318 0.1 -nan 0.989949 -0.96 -0.241661 0
3.13839 0.959991 0.228462 0 0.101428 0.128306 0 -1 0 0 0.1 0.986802 0.1 -nan 0.989949 -0.96 -0.241661 0
3.23754 0.965174 0.240007 0 0.00343364 0.104462 0 -1 0 0 0.1 0.994568 0.1 -nan 0.989949 -0.96 -0.241661 0
3.33698 0.960671 0.249172 0 -0.094041 0.0797022 0 -1 0 -0 0.1 0.992459 0.1 -nan 0.989949 -0.96 -0.241661 0
3.43571 0.946569 0.255775 0 -0.19196 0.0537748 0 -1 0 -0 0.1 0.980517 0.1 -nan 0.989949 -0.96 -0.241661 0
3.53278 0.923149 0.259683 0 -0.291304 0.0263809 0 -1 0 -0 0.1 0.958978 0.1 -nan 0.989949 -0.96 -0.241661 0
3.62723 0.890876 0.260818 0 -0.39311 -0.00284017 0 -1 0 -0 0.1 0.928271 0.1 -nan 0.989949 -0.96 -0.241661 0
3.71818 0.850395 0.259157 0 -0.498519 -0.0343309 0 -1 0 -0 0.1 0.889007 0.1 -nan 0.989949 -0.96 -0.241661 0
3.80481 0.802512 0.254733 0 -0.608825 -0.0686439 0 -1 0 -0 0.1 0.841971 0.1 -nan 0.989949 -0.96 -0.241661 0
3.8864 0.748183 0.247633 0 -0.725544 -0.106483 0 -1 0 -0 0.1 0.788099 0.1 -nan 0.989949 -0.96 -0.241661 0
3.9623 0.688492 0.237999 0 -0.850507 -0.148759 0 -1 0 -0 0.1 0.728467 0.1 -nan 0.989949 -0.96 -0.241661 0
4.032 0.62463 0.226022 0 -0.985982 -0.196683 0 -1 0 -0 0.1 0.664265 0.1 -nan 0.989949 -0.96 -0.241661 0
4.09511 0.557872 0.211943 0 -1.13485 -0.251893 0 -1 0 -0 0.1 0.596776 0.1 -nan 0.989949 -0.96 -0.241661 0
4.15136 0.489553 0.19604 0 -1.30088 -0.316668 0 -1 0 -0 0.1 0.527346 0.1 -nan 0.989949 -0.96 -0.241661 0
4.20063 0.421036 0.178633 0 -1.48911 -0.394275 0 -1 0 -0 0.1 0.457363 0.1 -nan 0.989949 -0.96 -0.241661 0
4.24293 0.35369 0.160068 0 -1.70646 -0.489548 0 -1 0 -0 0.1 0.388225 0.1 -nan 0.989949 -0.96 -0.241661 0
4.27841 0.288864 0.140715 0 -1.96275 -0.609941 0 -1 0 -0 0.1 0.321314 0.1 -nan 0.989949 -0.96 -0.241661 0
4.30737 0.227851 0.120962 0 -2.2724 -0.767495 0 -1 0 -0 0.1 0.257969 0.1 -nan 0.989949 -0.96 -0.241661 0
4.33023 0.171875 0.101202 0 -2.65731 -0.982844 0 -1 0 -0 0.1 0.199456 0.1 -nan 0.989949 -0.96 -0.241661 0
4.34752 0.122055 0.0818312 0 -3.15211 -1.29402 0 -1 0 -0 0.1 0.146948 0.1 -nan 0.989949 -0.96 -0.241661 0
4.3599 0.0793912 0.0632351 0 -3.81363 -1.77798 0 -1 0 -0 0.1 0.101497 0.1 -nan 0.989949 -0.96 -0.241661 0
4.36813 0.0447424 0.0457858 0 -4.73548 -2.61089 0 -1 0 -0 0.1 0.0640173 0.1 -nan 0.989949 -0.96 -0.241661 0
4.37303 0.0188098 0.0298315 0 -6.04227 -4.26639 0 -1 0 -0 0.1 0.0352665 0.1 -nan 0.989949 -0.96 -0.241661 0
4.37552 0.00212838 0.0156916 0 -7.49265 -8.25593 0 -1 0 -0 0.1 0.0158353 0.1 -nan 0.989949 -0.96 -0.241661 0
4.37654 -0.00493661 0.00365987 0 -3.53895 -17.6331 0 -1 0 0 0.1 0.0061453 0.1 -nan 0.989949 -0.96 -0.241661 0
4.37708 -0.00226418 -0.00596892 0 11.7665 -13.1467 0 -1 0 0 0.1 0.00638393 0.1 -nan 0.989949 -0.96 -0.241661 0
4.37814 0.00995685 -0.0130406 0 10.3647 -3.53141 0 -1 0 0 0.1 0.0164072 0.1 -nan 0.989949 -0.96 -0.241661 0
4.38067 0.0314955 -0.0174668 0 7.26652 -0.854806 0 -1 0 0 0.1 0.0360147 0.1 -nan 0.989949 -0.96 -0.241661 0
4.38562 0.0619537 -0.0191535 0 5.37027 -0.0461574 0 -1 0 0 0.1 0.0648469 0.1 -nan 0.989949 -0.96 -0.241661 0
4.39389 0.100738 -0.01806 0 4.18125 0.243071 0 -1 -0 0 0.1 0.102344 0.1 -nan 0.989949 -0.96 -0.241661 0
4.40631 0.147083 -0.0142036 0 3.37783 0.353696 0 -1 -0 0 0.1 0.147767 0.1 -nan 0.989949 -0.96 -0.241661 0
4.42363 0.200068 -0.00765842 0 2.79912 0.392682 0 -1 -0 0 0.1 0.200215 0.1 -nan 0.989949 -0.96 -0.241661 0
4.4465 0.258641 0.00144697 0 2.36066 0.399844 0 -1 0 0 0.1 0.258645 0.1 -nan 0.989949 -0.96 -0.241661 0
4.47546 0.321634 0.0129323 0 2.01485 0.391926 0 -1 0 0 0.1 0.321894 0.1 -nan 0.989949 -0.96 -0.241661 0
4.51093 0.387792 0.0265696 0 1.73306 0.376611 0 -1 0 0 0.1 0.388701 0.1 -nan 0.989949 -0.96 -0.241661 0
4.55321 0.455797 0.0420874 0 1.49714 0.357639 0 -1 0 0 0.1 0.457736 0.1 -nan 0.989949 -0.96 -0.241661 0
4.60244 0.524291 0.0591768 0 1.29503 0.336904 0 -1 0 0 0.1 0.52762 0.1 -nan 0.989949 -0.96 -0.241661 0
4.65864 0.591908 0.0774972 0 1.11841 0.315376 0 -1 0 0 0.1 0.59696 0.1 -nan 0.989949 -0.96 -0.241661 0
4.7217 0.657299 0.0966834 0 0.96135 0.293544 0 -1 0 0 0.1 0.664372 0.1 -nan 0.989949 -0.96 -0.241661 0
4.79134 0.719159 0.116353 0 0.819478 0.271635 0 -1 0 0 0.1 0.72851 0.1 -nan 0.989949 -0.96 -0.241661 0
4.86719 0.776251 0.136113 0 0.689498 0.249725 0 -1 0 0 0.1 0.788094 0.1 -nan 0.989949 -0.96 -0.241661 0
4.94871 0.827435 0.155569 0 0.568851 0.227807 0 -1 0 0 0.1 0.841933 0.1 -nan 0.989949 -0.96 -0.241661 0
5.0353 0.871689 0.174333 0 0.455501 0.205817 0 -1 0 0 0.1 0.888951 0.1 -nan 0.989949 -0.96 -0.241661 0
5.1262 0.908129 0.19203 0 0.347785 0.183658 0 -1 0 0 0.1 0.92821 0.1 -nan 0.989949 -0.96 -0.241661 0
5.22062 0.936025 0.208308 0 0.244304 0.161203 0 -1 0 0 0.1 0.958924 0.1 -nan 0.989949 -0.96 -0.241661 0
5.31766 0.95482 0.222839 0 0.143847 0.138303 0 -1 0 0 0.1 0.980479 0.1 -nan 0.989949 -0.96 -0.241661 0
5.41638 0.964136 0.235336 0 0.0453318 0.114785 0 -1 0 0 0.1 0.992442 0.1 -nan 0.989949 -0.96 -0.241661 0
5.51581 0.963787 0.245546 0 -0.0522472 0.0904462 0 -1 0 -0 0.1 0.994574 0.1 -nan 0.989949 -0.96 -0.241661 0
5.61496 0.953778 0.253267 0 -0.149857 0.065053 0 -1 0 -0 0.1 0.986831 0.1 -nan 0.989949 -0.96 -0.241661 0
5.71286 0.934306 0.258343 0 -0.248467 0.0383281 0 -1 0 -0 0.1 0.969366 0.1 -nan 0.989949 -0.96 -0.241661 0
5.80855 0.905761 0.260674 0 -0.349085 0.00993932 0 -1 0 -0 0.1 0.942525 0.1 -nan 0.989949 -0.96 -0.241661 0
5.9011 0.86871 0.260211 0 -0.452802 -0.0205177 0 -1 0 -0 0.1 0.906844 0.1 -nan 0.989949 -0.96 -0.241661 0
5.98968 0.823892 0.256964 0 -0.560837 -0.0535443 0 -1 0 -0 0.1 0.863034 0.1 -nan 0.989949 -0.96 -0.241661 0
6.07352 0.772201 0.250997 0 -0.674602 -0.0897734 0 -1 0 -0 0.1 0.811969 0.1 -nan 0.989949 -0.96 -0.241661 0
6.15192 0.714669 0.242429 0 -0.795782 -0.130019 0 -1 0 -0 0.1 0.754668 0.1 -nan 0.989949 -0.96 -0.241661 0
6.22434 0.652443 0.23143 0 -0.926437 -0.175349 0 -1 0 -0 0.1 0.692273 0.1 -nan 0.989949 -0.96 -0.241661 0
6.29032 0.586767 0.21822 0 -1.06916 -0.227199 0 -1 0 -0 0.1 0.626031 0.1 -nan 0.989949 -0.96 -0.241661 0
6.34953 0.518951 0.203063 0 -1.2273 -0.287541 0 -1 0 -0 0.1 0.557265 0.1 -nan 0.989949 -0.96 -0.241661 0
6.4018 0.450351 0.18626 0 -1.40529 -0.359162 0 -1 0 -0 0.1 0.487348 0.1 -nan 0.989949 -0.96 -0.241661 0
6.44708 0.382336 0.168147 0 -1.60915 -0.446132 0 -1 0 -0 0.1 0.417677 0.1 -nan 0.989949 -0.96 -0.241661 0
6.48546 0.316267 0.149085 0 -1.8473 -0.554608 0 -1 0 -0 0.1 0.349645 0.1 -nan 0.989949 -0.96 -0.241661 0
6.51717 0.253465 0.129456 0 -2.13191 -0.69433 0 -1 0 -0 0.1 0.284611 0.1 -nan 0.989949 -0.96 -0.241661 0
6.54259 0.195185 0.10965 0 -2.48121 -0.881548 0 -1 0 -0 0.1 0.223876 0.1 -nan 0.989949 -0.96 -0.241661 0
6.56219 0.142596 0.0900646 0 -2.9235 -1.14523 0 -1 0 -0 0.1 0.168657 0.1 -nan 0.989949 -0.96 -0.241661 0
6.57659 0.0967498 0.0710896 0 -3.5046 -1.54151 0 -1 0 -0 0.1 0.120059 0.1 -nan 0.989949 -0.96 -0.241661 0
6.5865 0.058569 0.0531044 0 -4.30041 -2.19178 0 -1 0 -0 0.1 0.0790595 0.1 -nan 0.989949 -0.96 -0.241661 0
6.59272 0.0288236 0.0364681 0 -5.42876 -3.39918 0 -1 0 -0 0.1 0.0464836 0.1 -nan 0.989949 -0.96 -0.241661 0
6.59613 0.00812081 0.0215132 0 -6.93903 -6.06842 0 -1 0 -0 0.1 0.0229949 0.1 -nan 0.989949 -0.96 -0.241661 0
6.59766 -0.00310093 0.00854191 0 -6.98317 -13.0124 0 -1 0 0 0.1 0.00908735 0.1 -nan 0.989949 -0.96 -0.241661 0
6.59828 -0.00459284 -0.00215022 0 6.65663 -18.6566 0 -1 0 0 0.1 0.00507125 0.1 -nan 0.989949 -0.96 -0.241661 0
6.599 0.00355987 -0.0103257 0 11.8705 -6.34068 0 -1 0 0 0.1 0.0109222 0.1 -nan 0.989949 -0.96 -0.241661 0
6.60078 0.0211398 -0.0158999 0 8.42751 -1.60819 0 -1 0 0 0.1 0.0264518 0.1 -nan 0.989949 -0.96 -0.241661 0
6.60458 0.0478353 -0.0187697 0 6.06931 -0.290983 0 -1 0 0 0.1 0.0513859 0.1 -nan 0.989949 -0.96 -0.241661 0
6.61133 0.0831337 -0.0188696 0 4.6301 0.151947 0 -1 -0 0 0.1 0.0852483 0.1 -nan 0.989949 -0.96 -0.241661 0
6.62187 0.126341 -0.0161921 0 3.68783 0.318871 0 -1 -0 0 0.1 0.127374 0.1 -nan 0.989949 -0.96 -0.241661 0
6.637 0.176601 -0.0107872 0 3.0263 0.381397 0 -1 -0 0 0.1 0.17693 0.1 -nan 0.989949 -0.96 -0.241661 0
6.65742 0.232914 -0.00276039 0 2.53512 0.399298 0 -1 -0 0 0.1 0.23293 0.1 -nan 0.989949 -0.96 -0.241661 0
6.68371 0.294161 0.00772971 0 2.15393 0.396549 0 -1 0 0 0.1 0.294262 0.1 -nan 0.989949 -0.96 -0.241661 0
6.71635 0.35912 0.0204751 0 1.84739 0.383786 0 -1 0 0 0.1 0.359703 0.1 -nan 0.989949 -0.96 -0.241661 0
6.75568 0.426498 0.0352223 0 1.59356 0.366072 0 -1 0 0 0.1 0.42795 0.1 -nan 0.989949 -0.96 -0.241661 0
6.80191 0.494949 0.0516778 0 1.37815 0.345934 0 -1 0 0 0.1 0.49764 0.1 -nan 0.989949 -0.96 -0.241661 0
6.85514 0.56311 0.0695139 0 1.19145 0.324665 0 -1 0 0 0.1 0.567384 0.1 -nan 0.989949 -0.96 -0.241661 0
6.91528 0.629618 0.0883748 0 1.02661 0.302924 0 -1 0 0 0.1 0.63579 0.1 -nan 0.989949 -0.96 -0.241661 0
6.98214 0.693148 0.107885 0 0.878681 0.281031 0 -1 0 0 0.1 0.701494 0.1 -nan 0.989949 -0.96 -0.241661 0
7.05538 0.75243 0.127654 0 0.743953 0.259119 0 -1 0 0 0.1 0.763182 0.1 -nan 0.989949 -0.96 -0.241661 0
7.13454 0.80628 0.147289 0 0.61958 0.237209 0 -1 0 0 0.1 0.819623 0.1 -nan 0.989949 -0.96 -0.241661 0
7.21904 0.853623 0.166396 0 0.503324 0.215261 0 -1 0 0 0.1 0.869689 0.1 -nan 0.989949 -0.96 -0.241661 0
7.30818 0.893512 0.184596 0 0.393377 0.193188 0 -1 0 0 0.1 0.912381 0.1 -nan 0.989949 -0.96 -0.241661 0
7.4012 0.92515 0.201524 0 0.288237 0.170877 0 -1 0 0 0.1 0.946844 0.1 -nan 0.989949 -0.96 -0.241661 0
7.49723 0.947904 0.216842 0 0.186623 0.148188 0 -1 0 0 0.1 0.97239 0.1 -nan 0.989949 -0.96 -0.241661 0
7.59534 0.961319 0.230244 0 0.0874016 0.124957 0 -1 0 0 0.1 0.988507 0.1 -nan 0.989949 -0.96 -0.241661 0
7.69459 0.965125 0.241462 0 -0.0104591 0.100997 0 -1 0 -0 0.1 0.994872 0.1 -nan 0.989949 -0.96 -0.241661 0
7.79399 0.959244 0.250272 0 -0.107938 0.076087 0 -1 0 -0 0.1 0.991355 0.1 -nan 0.989949 -0.96 -0.241661 0
7.89254 0.943793 0.256498 0 -0.205999 0.0499702 0 -1 0 -0 0.1 0.978027 0.1 -nan 0.989949 -0.96 -0.241661 0
7.98929 0.91908 0.260015 0 -0.305628 0.0223397 0 -1 0 -0 0.1 0.955152 0.1 -nan 0.989949 -0.96 -0.241661 0
8.0833 0.885595 0.260752 0 -0.407876 -0.00717533 0 -1 0 -0 0.1 0.923185 0.1 -nan 0.989949 -0.96 -0.241661 0
8.17368 0.844006 0.258694 0 -0.513899 -0.0390313 0 -1 0 -0 0.1 0.882762 0.1 -nan 0.989949 -0.96 -0.241661 0
8.25964 0.795144 0.253882 0 -0.625019 -0.0737994 0 -1 0 -0 0.1 0.834691 0.1 -nan 0.989949 -0.96 -0.241661 0
8.34045 0.739982 0.246411 0 -0.742792 -0.112209 0 -1 0 -0 0.1 0.779931 0.1 -nan 0.989949 -0.96 -0.241661 0
8.4155 0.679621 0.236431 0 -0.869102 -0.155208 0 -1 0 -0 0.1 0.719573 0.1 -nan 0.989949 -0.96 -0.241661 0
8.48428 0.615268 0.224139 0 -1.00629 -0.204057 0 -1 0 -0 0.1 0.654823 0.1 -nan 0.989949 -0.96 -0.241661 0
8.54642 0.548205 0.209782 0 -1.15735 -0.260471 0 -1 0 -0 0.1 0.586973 0.1 -nan 0.989949 -0.96 -0.241661 0
8.60169 0.479774 0.193645 0 -1.3262 -0.326847 0 -1 0 -0 0.1 0.517379 0.1 -nan 0.989949 -0.96 -0.241661 0
8.64996 0.41134 0.176051 0 -1.5181 -0.406628 0 -1 0 -0 0.1 0.447431 0.1 -nan 0.989949 -0.96 -0.241661 0
8.69128 0.344272 0.157351 0 -1.74031 -0.504944 0 -1 0 -0 0.1 0.378527 0.1 -nan 0.989949 -0.96 -0.241661 0
8.72581 0.279911 0.137917 0 -2.00319 -0.629751 0 -1 0 -0 0.1 0.312044 0.1 -nan 0.989949 -0.96 -0.241661 0
8.75387 0.219544 0.118139 0 -2.322 -0.794001 0 -1 0 -0 0.1 0.249311 0.1 -nan 0.989949 -0.96 -0.241661 0
8.7759 0.164378 0.0984105 0 -2.72005 -1.02009 0 -1 0 -0 0.1 0.191585 0.1 -nan 0.989949 -0.96 -0.241661 0
8.79245 0.115519 0.0791263 0 -3.23445 -1.34981 0 -1 0 -0 0.1 0.14002 0.1 -nan 0.989949 -0.96 -0.241661 0
8.80419 0.0739486 0.0606714 0 -3.92628 -1.86904 0 -1 0 -0 0.1 0.0956525 0.1 -nan 0.989949 -0.96 -0.241661 0
8.81189 0.0405021 0.0434143 0 -4.89544 -2.77843 0 -1 0 -0 0.1 0.0593736 0.1 -nan 0.989949 -0.96 -0.241661 0
8.81639 0.0158585 0.0276997 0 -6.26176 -4.6315 0 -1 0 -0 0.1 0.0319181 0.1 -nan 0.989949 -0.96 -0.241661 0
8.81861 0.000528473 0.0138424 0 -7.57611 -9.2185 0 -1 0 -0 0.1 0.0138525 0.1 -nan 0.989949 -0.96 -0.241661 0
8.8195 -0.00514836 0.00213519 0 -1.41431 -18.8371 0 -1 0 0 0.1 0.00557357 0.1 -nan 0.989949 -0.96 -0.241661 0
8.82006 -0.00110196 -0.0071336 0 12.2994 -11.1266 0 -1 0 0 0.1 0.00721821 0.1 -nan 0.989949 -0.96 -0.241661 0
8.82127 0.0124626 -0.0138352 0 9.84664 -2.90712 0 -1 0 0 0.1 0.0186207 0.1 -nan 0.989949 -0.96 -0.241661 0
8.82409 0.0353008 -0.0178759 0 6.93428 -0.678641 0 -1 0 0 0.1 0.0395689 0.1 -nan 0.989949 -0.96 -0.241661 0
8.82946 0.0669853 -0.0191678 0 5.16769 0.0141341 0 -1 -0 0 0.1 0.0696738 0.1 -nan 0.989949 -0.96 -0.241661 0
8.83827 0.106897 -0.0176784 0 4.04822 0.265994 0 -1 -0 0 0.1 0.108349 0.1 -nan 0.989949 -0.96 -0.241661 0
8.85135 0.154247 -0.0134332 0 3.28421 0.362292 0 -1 -0 0 0.1 0.154831 0.1 -nan 0.989949 -0.96 -0.241661 0
8.86942 0.208096 -0.00651423 0 2.7295 0.395104 0 -1 -0 0 0.1 0.208198 0.1 -nan 0.989949 -0.96 -0.241661 0
8.89313 0.267371 0.00294231 0 2.30657 0.399395 0 -1 0 0 0.1 0.267388 0.1 -nan 0.989949 -0.96 -0.241661 0
8.92299 0.330894 0.0147492 0 1.97131 0.390081 0 -1 0 0 0.1 0.331222 0.1 -nan 0.989949 -0.96 -0.241661 0
8.95942 0.397397 0.0286717 0 1.69699 0.374074 0 -1 0 0 0.1 0.39843 0.1 -nan 0.989949 -0.96 -0.241661 0
9.00268 0.465554 0.0444331 0 1.46651 0.354764 0 -1 0 0 0.1 0.46767 0.1 -nan 0.989949 -0.96 -0.241661 0
9.0529 0.534007 0.0617193 0 1.26848 0.333871 0 -1 0 0 0.1 0.537562 0.1 -nan 0.989949 -0.96 -0.241661 0
9.11009 0.601389 0.0801858 0 1.09496 0.312278 0 -1 0 0 0.1 0.606711 0.1 -nan 0.989949 -0.96 -0.241661 0
9.17411 0.666355 0.0994645 0 0.940301 0.290425 0 -1 0 0 0.1 0.673738 0.1 -nan 0.989949 -0.96 -0.241661 0
9.24466 0.727609 0.119171 0 0.800304 0.268514 0 -1 0 0 0.1 0.737304 0.1 -nan 0.989949 -0.96 -0.241661 0
9.32135 0.783927 0.138911 0 0.671796 0.246605 0 -1 0 0 0.1 0.796139 0.1 -nan 0.989949 -0.96 -0.241661 0
9.40364 0.834184 0.158293 0 0.552303 0.224681 0 -1 0 0 0.1 0.849069 0.1 -nan 0.989949 -0.96 -0.241661 0
9.49088 0.877376 0.176927 0 0.43985 0.202674 0 -1 0 0 0.1 0.895037 0.1 -nan 0.989949 -0.96 -0.241661 0
9.58234 0.912639 0.194443 0 0.332817 0.180481 0 -1 0 0 0.1 0.933123 0.1 -nan 0.989949 -0.96 -0.241661 0
9.67718 0.939269 0.210491 0 0.229837 0.157973 0 -1 0 0 0.1 0.962566 0.1 -nan 0.989949 -0.96 -0.241661 0
9.77452 0.956732 0.22475 0 0.129721 0.134996 0 -1 0 0 0.1 0.982776 0.1 -nan 0.989949 -0.96 -0.241661 0
9.8734 0.964679 0.236935 0 0.0313989 0.111373 0 -1 0 0 0.1 0.99335 0.1 -nan 0.989949 -0.96 -0.241661 0
9.97285 0.962949 0.246802 0 -0.0661258 0.0868998 0 -1 0 -0 0.1 0.994073 0.1 -nan 0.989949 -0.96 -0.241661 0
10.0719 0.951575 0.254154 0 -0.163819 0.0613349 0 -1 0 -0 0.1 0.984931 0.1 -nan 0.989949 -0.96 -0.241661 0
10.1695 0.930783 0.258845 0 -0.262652 0.0343947 0 -1 0 -0 0.1 0.966105 0.1 -nan 0.989949 -0.96 -0.241661 0
10.2648 0.900988 0.260779 0 -0.363642 0.00573806 0 -1 0 -0 0.1 0.937968 0.1 -nan 0.989949 -0.96 -0.241661 0
10.3569 0.862781 0.259918 0 -0.467895 -0.0250517 0 -1 0 -0 0.1 0.901082 0.1 -nan 0.989949 -0.96 -0.241661 0
10.4448 0.816927 0.256278 0 -0.576655 -0.0584922 0 -1 0 -0 0.1 0.856182 0.1 -nan 0.989949 -0.96 -0.241661 0
10.5279 0.764338 0.249932 0 -0.691366 -0.0952386 0 -1 0 -0 0.1 0.804163 0.1 -nan 0.989949 -0.96 -0.241661 0
10.6055 0.706064 0.241006 0 -0.813759 -0.136136 0 -1 0 -0 0.1 0.746064 0.1 -nan 0.989949 -0.96 -0.241661 0
10.677 0.64327 0.229678 0 -0.94596 -0.182297 0 -1 0 -0 0.1 0.683043 0.1 -nan 0.989949 -0.96 -0.241661 0
10.7421 0.577207 0.216174 0 -1.09066 -0.235221 0 -1 0 -0 0.1 0.61636 0.1 -nan 0.989949 -0.96 -0.241661 0
10.8003 0.509196 0.200762 0 -1.25132 -0.296975 0 -1 0 -0 0.1 0.547345 0.1 -nan 0.989949 -0.96 -0.241661 0
10.8516 0.440596 0.183752 0 -1.43258 -0.370497 0 -1 0 -0 0.1 0.477377 0.1 -nan 0.989949 -0.96 -0.241661 0
10.8958 0.372776 0.165481 0 -1.64074 -0.460091 0 -1 0 -0 0.1 0.407855 0.1 -nan 0.989949 -0.96 -0.241661 0
10.9333 0.307093 0.146315 0 -1.88465 -0.572312 0 -1 0 -0 0.1 0.340168 0.1 -nan 0.989949 -0.96 -0.241661 0
10.9641 0.244859 0.126636 0 -2.17719 -0.7176 0 -1 0 -0 0.1 0.275668 0.1 -nan 0.989949 -0.96 -0.241661 0
10.9886 0.187321 0.106838 0 -2.53769 -0.913522 0 -1 0 -0 0.1 0.215647 0.1 -nan 0.989949 -0.96 -0.241661 0
11.0074 0.135631 0.0873157 0 -2.99642 -1.19173 0 -1 0 -0 0.1 0.161306 0.1 -nan 0.989949 -0.96 -0.241661 0
11.0211 0.0908239 0.0684589 0 -3.60256 -1.61441 0 -1 0 -0 0.1 0.113735 0.1 -nan 0.989949 -0.96 -0.241661 0
11.0305 0.0538012 0.0506444 0 -4.43761 -2.31854 0 -1 0 -0 0.1 0.0738879 0.1 -nan 0.989949 -0.96 -0.241661 0
11.0362 0.0253106 0.034228 0 -5.62385 -3.65432 0 -1 0 -0 0.1 0.0425698 0.1 -nan 0.989949 -0.96 -0.241661 0
11.0393 0.00593533 0.0195378 0 -7.15162 -6.69329 0 -1 0 -0 0.1 0.0204194 0.1 -nan 0.989949 -0.96 -0.241661 0
11.0407 -0.00391018 0.00687255 0 -6.27506 -14.5452 0 -1 0 0 0.1 0.00790705 0.1 -nan 0.989949 -0.96 -0.241661 0
11.0412 -0.00401482 -0.00347072 0 8.95645 -17.1651 0 -1 0 0 0.1 0.00530704 0.1 -nan 0.989949 -0.96 -0.241661 0
11.042 0.00549315 -0.0112809 0 11.4074 -5.22203 0 -1 0 0 0.1 0.0125473 0.1 -nan 0.989949 -0.96 -0.241661 0
11.0441 0.0243952 -0.016476 0 8.01349 -1.31297 0 -1 0 0 0.1 0.0294378 0.1 -nan 0.989949 -0.96 -0.241661 0
11.0482 0.0523518 -0.0189539 0 5.82086 -0.197282 0 -1 0 0 0.1 0.0556773 0.1 -nan 0.989949 -0.96 -0.241661 0
11.0555 0.088823 -0.0186573 0 4.47225 0.186436 0 -1 -0 0 0.1 0.0907613 0.1 -nan 0.989949 -0.96 -0.241661 0
11.0666 0.13309 -0.0155869 0 3.57981 0.332117 0 -1 -0 0 0.1 0.134 0.1 -nan 0.989949 -0.96 -0.241661 0
11.0825 0.184277 -0.00980088 0 2.94772 0.385886 0 -1 -0 0 0.1 0.184537 0.1 -nan 0.989949 -0.96 -0.241661 0
11.1037 0.241364 -0.00141238 0 2.47512 0.399829 0 -1 -0 0 0.1 0.241368 0.1 -nan 0.989949 -0.96 -0.241661 0
11.1308 0.303216 0.00941276 0 2.10633 0.395185 0 -1 0 0 0.1 0.303362 0.1 -nan 0.989949 -0.96 -0.241661 0
11.1644 0.3686 0.0224597 0 1.80841 0.381488 0 -1 0 0 0.1 0.369284 0.1 -nan 0.989949 -0.96 -0.241661 0
11.2047 0.436213 0.0374691 0 1.5608 0.363312 0 -1 0 0 0.1 0.43782 0.1 -nan 0.989949 -0.96 -0.241661 0
11.252 0.504707 0.054142 0 1.34999 0.342953 0 -1 0 0 0.1 0.507603 0.1 -nan 0.989949 -0.96 -0.241661 0
11.3062 0.572715 0.0721463 0 1.16676 0.321587 0 -1 0 0 0.1 0.577241 0.1 -nan 0.989949 -0.96 -0.241661 0
11.3673 0.638879 0.091123 0 1.0046 0.29981 0 -1 0 0 0.1 0.645345 0.1 -nan 0.989949 -0.96 -0.241661 0
11.4351 0.70188 0.110694 0 0.85876 0.27791 0 -1 0 0 0.1 0.710555 0.1 -nan 0.989949 -0.96 -0.241661 0
11.5092 0.760458 0.130468 0 0.725663 0.255998 0 -1 0 0 0.1 0.771569 0.1 -nan 0.989949 -0.96 -0.241661 0
11.5891 0.813444 0.150051 0 0.602571 0.234087 0 -1 0 0 0.1 0.827168 0.1 -nan 0.989949 -0.96 -0.241661 0
11.6744 0.85978 0.169053 0 0.487316 0.212127 0 -1 0 0 0.1 0.876242 0.1 -nan 0.989949 -0.96 -0.241661 0
11.7641 0.898539 0.187093 0 0.37814 0.190028 0 -1 0 0 0.1 0.91781 0.1 -nan 0.989949 -0.96 -0.241661 0
11.8576 0.928946 0.203811 0 0.273576 0.167672 0 -1 0 0 0.1 0.951041 0.1 -nan 0.989949 -0.96 -0.241661 0
11.954 0.950393 0.218874 0 0.172369 0.144916 0 -1 0 0 0.1 0.975271 0.1 -nan 0.989949 -0.96 -0.241661 0
12.0523 0.962452 0.231981 0 0.0734032 0.121594 0 -1 0 0 0.1 0.990014 0.1 -nan 0.989949 -0.96 -0.241661 0
12.1516 0.964878 0.242869 0 -0.0243442 0.0975124 0 -1 0 -0 0.1 0.994975 0.1 -nan 0.989949 -0.96 -0.241661 0
12.251 0.957623 0.25132 0 -0.121847 0.0724474 0 -1 0 -0 0.1 0.990052 0.1 -nan 0.989949 -0.96 -0.241661 0
12.3493 0.94083 0.257167 0 -0.22007 0.0461351 0 -1 0 -0 0.1 0.975344 0.1 -nan 0.989949 -0.96 -0.241661 0
12.4458 0.914832 0.260291 0 -0.320006 0.0182605 0 -1 0 -0 0.1 0.951141 0.1 -nan 0.989949 -0.96 -0.241661 0
12.5393 0.880148 0.260629 0 -0.422718 -0.0115578 0 -1 0 -0 0.1 0.917926 0.1 -nan 0.989949 -0.96 -0.241661 0
12.6291 0.83747 0.258175 0 -0.529381 -0.0437905 0 -1 0 -0 0.1 0.876362 0.1 -nan 0.989949 -0.96 -0.241661 0
12.7144 0.787647 0.252977 0 -0.641348 -0.0790284 0 -1 0 -0 0.1 0.827276 0.1 -nan 0.989949 -0.96 -0.241661 0
12.7944 0.731675 0.245139 0 -0.760213 -0.118027 0 -1 0 -0 0.1 0.771649 0.1 -nan 0.989949 -0.96 -0.241661 0
12.8686 0.67067 0.234816 0 -0.887916 -0.161774 0 -1 0 -0 0.1 0.710589 0.1 -nan 0.989949 -0.96 -0.241661 0
12.9364 0.60585 0.222214 0 -1.02688 -0.211583 0 -1 0 -0 0.1 0.645317 0.1 -nan 0.989949 -0.96 -0.241661 0
12.9976 0.53851 0.207585 0 -1.18021 -0.269251 0 -1 0 -0 0.1 0.577135 0.1 -nan 0.989949 -0.96 -0.241661 0
13.0519 0.469995 0.19122 0 -1.35198 -0.337294 0 -1 0 -0 0.1 0.507405 0.1 -nan 0.989949 -0.96 -0.241661 0
13.0991 0.401673 0.173447 0 -1.54769 -0.419352 0 -1 0 -0 0.1 0.437521 0.1 -nan 0.989949 -0.96 -0.241661 0
13.1395 0.334909 0.154618 0 -1.77498 -0.520869 0 -1 0 -0 0.1 0.368878 0.1 -nan 0.989949 -0.96 -0.241661 0
13.1731 0.27104 0.135112 0 -2.04475 -0.650346 0 -1 0 -0 0.1 0.302849 0.1 -nan 0.989949 -0.96 -0.241661 0
13.2003 0.211342 0.115317 0 -2.37317 -0.821732 0 -1 0 -0 0.1 0.240755 0.1 -nan 0.989949 -0.96 -0.241661 0
13.2215 0.157009 0.0956276 0 -2.78511 -1.05938 0 -1 0 -0 0.1 0.183838 0.1 -nan 0.989949 -0.96 -0.241661 0
13.2373 0.109132 0.0764383 0 -3.32032 -1.40929 0 -1 0 -0 0.1 0.133239 0.1 -nan 0.989949 -0.96 -0.241661 0
13.2484 0.068671 0.0581319 0 -4.04448 -1.96755 0 -1 0 -0 0.1 0.0899723 0.1 -nan 0.989949 -0.96 -0.241661 0
13.2556 0.0364408 0.0410741 0 -5.06377 -2.96344 0 -1 0 -0 0.1 0.0549091 0.1 -nan 0.989949 -0.96 -0.241661 0
13.2597 0.0130964 0.0256056 0 -6.48645 -5.04638 0 -1 0 -0 0.1 0.0287604 0.1 -nan 0.989949 -0.96 -0.241661 0
13.2617 -0.000875261 0.0120368 0 -7.55706 -10.3252 0 -1 0 0 0.1 0.0120686 0.1 -nan 0.989949 -0.96 -0.241661 0
13.2625 -0.005162 0.000660463 0 1.14749 -19.5191 0 -1 0 0 0.1 0.00520408 0.1 -nan 0.989949 -0.96 -0.241661 0
13.2631 0.000253235 -0.00824639 0 12.4119 -9.29306 0 -1 0 0 0.1 0.00825028 0.1 -nan 0.989949 -0.96 -0.241661 0
13.2644 0.0151568 -0.0145758 0 9.34817 -2.39213 0 -1 0 0 0.1 0.0210282 0.1 -nan 0.989949 -0.96 -0.241661 0
13.2676 0.0392859 -0.0182292 0 6.62569 -0.528967 0 -1 0 0 0.1 0.0433092 0.1 -nan 0.989949 -0.96 -0.241661 0
13.2734 0.0721842 -0.0191256 0 4.97778 0.0664571 0 -1 -0 0 0.1 0.074675 0.1 -nan 0.989949 -0.96 -0.241661 0
13.2827 0.113207 -0.0172407 0 3.92218 0.286013 0 -1 -0 0 0.1 0.114513 0.1 -nan 0.989949 -0.96 -0.241661 0
13.2965 0.161544 -0.0126084 0 3.19474 0.36968 0 -1 -0 0 0.1 0.162035 0.1 -nan 0.989949 -0.96 -0.241661 0
13.3153 0.216233 -0.00531846 0 2.66249 0.396977 0 -1 -0 0 0.1 0.216299 0.1 -nan 0.989949 -0.96 -0.241661 0
13.3399 0.276188 0.00448542 0 2.25423 0.398682 0 -1 0 0 0.1 0.276225 0.1 -nan 0.989949 -0.96 -0.241661 0
13.3707 0.340214 0.016609 0 1.929 0.388105 0 -1 0 0 0.1 0.340619 0.1 -nan 0.989949 -0.96 -0.241661 0
13.408 0.407035 0.0308113 0 1.6618 0.371472 0 -1 0 0 0.1 0.408199 0.1 -nan 0.989949 -0.96 -0.241661 0
13.4523 0.475318 0.0468098 0 1.43654 0.351857 0 -1 0 0 0.1 0.477617 0.1 -nan 0.989949 -0.96 -0.241661 0
13.5035 0.543701 0.0642858 0 1.24242 0.330824 0 -1 0 0 0.1 0.547489 0.1 -nan 0.989949 -0.96 -0.241661 0
13.5617 0.610821 0.0828909 0 1.07189 0.309175 0 -1 0 0 0.1 0.616419 0.1 -nan 0.989949 -0.96 -0.241661 0
13.6266 0.675336 0.102254 0 0.919549 0.287306 0 -1 0 0 0.1 0.683033 0.1 -nan 0.989949 -0.96 -0.241661 0
13.6981 0.735959 0.12199 0 0.781363 0.265393 0 -1 0 0 0.1 0.746001 0.1 -nan 0.989949 -0.96 -0.241661 0
13.7756 0.79148 0.141703 0 0.654276 0.243484 0 -1 0 0 0.1 0.804065 0.1 -nan 0.989949 -0.96 -0.241661 0
13.8587 0.840789 0.161001 0 0.535897 0.221554 0 -1 0 0 0.1 0.856065 0.1 -nan 0.989949 -0.96 -0.241661 0
13.9466 0.882901 0.179499 0 0.424308 0.199527 0 -1 0 0 0.1 0.900962 0.1 -nan 0.989949 -0.96 -0.241661 0
14.0385 0.916974 0.196827 0 0.317931 0.177298 0 -1 0 0 0.1 0.93786 0.1 -nan 0.989949 -0.96 -0.241661 0
14.1338 0.942326 0.212638 0 0.215428 0.154732 0 -1 0 0 0.1 0.96602 0.1 -nan 0.989949 -0.96 -0.241661 0
14.2314 0.958451 0.226618 0 0.115631 0.131675 0 -1 0 0 0.1 0.984878 0.1 -nan 0.989949 -0.96 -0.241661 0
14.3304 0.965025 0.238487 0 0.0174821 0.107945 0 -1 0 0 0.1 0.994057 0.1 -nan 0.989949 -0.96 -0.241661 0
14.4299 0.961915 0.248007 0 -0.0800078 0.0833312 0 -1 0 -0 0.1 0.993372 0.1 -nan 0.989949 -0.96 -0.241661 0
14.5288 0.949181 0.254988 0 -0.177803 0.057589 0 -1 0 -0 0.1 0.982835 0.1 -nan 0.989949 -0.96 -0.241661 0
14.6262 0.927078 0.25929 0 -0.27688 0.0304267 0 -1 0 -0 0.1 0.962655 0.1 -nan 0.989949 -0.96 -0.241661 0
14.721 0.896044 0.260827 0 -0.378265 0.00149366 0 -1 0 -0 0.1 0.933233 0.1 -nan 0.989949 -0.96 -0.241661 0
14.8125 0.856698 0.259568 0 -0.48308 -0.0296393 0 -1 0 -0 0.1 0.895157 0.1 -nan 0.989949 -0.96 -0.241661 0
14.8998 0.809824 0.255537 0 -0.592593 -0.0635069 0 -1 0 -0 0.1 0.849185 0.1 -nan 0.989949 -0.96 -0.241661 0
14.9822 0.756359 0.248815 0 -0.708285 -0.100788 0 -1 0 -0 0.1 0.796233 0.1 -nan 0.989949 -0.96 -0.241661 0
15.059 0.697368 0.239534 0 -0.831934 -0.142359 0 -1 0 -0 0.1 0.73736 0.1 -nan 0.989949 -0.96 -0.241661 0
15.1296 0.63403 0.227882 0 -0.965736 -0.189381 0 -1 0 -0 0.1 0.673739 0.1 -nan 0.989949 -0.96 -0.241661 0
15.1936 0.567608 0.214088 0 -1.11247 -0.24342 0 -1 0 -0 0.1 0.60664 0.1 -nan 0.989949 -0.96 -0.241661 0
15.2509 0.499429 0.19843 0 -1.27576 -0.306646 0 -1 0 -0 0.1 0.537405 0.1 -nan 0.989949 -0.96 -0.241661 0
15.3012 0.430856 0.181218 0 -1.46041 -0.382154 0 -1 0 -0 0.1 0.467415 0.1 -nan 0.989949 -0.96 -0.241661 0
15.3445 0.363259 0.162797 0 -1.67305 -0.474502 0 -1 0 -0 0.1 0.39807 0.1 -nan 0.989949 -0.96 -0.241661 0
15.3809 0.297988 0.143534 0 -1.92298 -0.590676 0 -1 0 -0 0.1 0.330755 0.1 -nan 0.989949 -0.96 -0.241661 0
15.4108 0.236349 0.123815 0 -2.22383 -0.741876 0 -1 0 -0 0.1 0.266817 0.1 -nan 0.989949 -0.96 -0.241661 0
15.4345 0.179576 0.104031 0 -2.59614 -0.94712 0 -1 0 -0 0.1 0.207534 0.1 -nan 0.989949 -0.96 -0.241661 0
15.4526 0.128806 0.0845802 0 -3.07229 -1.24105 0 -1 0 -0 0.1 0.154093 0.1 -nan 0.989949 -0.96 -0.241661 0
15.4656 0.0850561 0.0658493 0 -3.70509 -1.69274 0 -1 0 -0 0.1 0.107567 0.1 -nan 0.989949 -0.96 -0.241661 0
15.4744 0.0492067 0.0482128 0 -4.58195 -2.45716 0 -1 0 -0 0.1 0.0688896 0.1 -nan 0.989949 -0.96 -0.241661 0
15.4797 0.0219828 0.032023 0 -5.82778 -3.94049 0 -1 0 -0 0.1 0.0388422 0.1 -nan 0.989949 -0.96 -0.241661 0
15.4825 0.00394344 0.0176035 0 -7.34154 -7.41403 0 -1 0 -0 0.1 0.0180398 0.1 -nan 0.989949 -0.96 -0.241661 0
15.4837 -0.00452105 0.00525027 0 -5.16109 -16.1252 0 -1 0 0 0.1 0.00692858 0.1 -nan 0.989949 -0.96 -0.241661 0
15.4842 -0.00324206 -0.00473949 0 10.6703 -15.246 0 -1 0 0 0.1 0.00574227 0.1 -nan 0.989949 -0.96 -0.241661 0
15.4851 0.00761733 -0.0121831 0 10.8957 -4.29857 0 -1 0 0 0.1 0.0143685 0.1 -nan 0.989949 -0.96 -0.241661 0
15.4874 0.0278346 -0.0169968 0 7.62815 -1.06538 0 -1 0 0 0.1 0.0326138 0.1 -nan 0.989949 -0.96 -0.241661 0
15.4919 0.0570413 -0.0190817 0 5.58905 -0.116562 0 -1 0 0 0.1 0.0601484 0.1 -nan 0.989949 -0.96 -0.241661 0
15.4997 0.0946708 -0.0183886 0 4.32335 0.216534 0 -1 -0 0 0.1 0.0964401 0.1 -nan 0.989949 -0.96 -0.241661 0
15.5114 0.139981 -0.0149266 0 3.47693 0.343627 0 -1 -0 0 0.1 0.140774 0.1 -nan 0.989949 -0.96 -0.241661 0
15.528 0.192072 -0.00876171 0 2.8723 0.389612 0 -1 -0 0 0.1 0.192272 0.1 -nan 0.989949 -0.96 -0.241661 0
15.5501 0.24991 -1.48453e-05 0 2.4172 0.4 0 -1 -0 0 0.1 0.24991 0.1 -nan 0.989949 -0.96 -0.241661 0
15.5781 0.312343 0.011141 0 2.06015 0.393645 0 -1 0 0 0.1 0.312541 0.1 -nan 0.989949 -0.96 -0.241661 0
15.6126 0.378125 0.0244842 0 1.77045 0.379102 0 -1 0 0 0.1 0.378917 0.1 -nan 0.989949 -0.96 -0.241661 0
15.6539 0.445947 0.0397496 0 1.52878 0.36051 0 -1 0 0 0.1 0.447715 0.1 -nan 0.989949 -0.96 -0.241661 0
15.7021 0.514455 0.0566332 0 1.32238 0.339953 0 -1 0 0 0.1 0.517563 0.1 -nan 0.989949 -0.96 -0.241661 0
15.7573 0.582283 0.0747984 0 1.14251 0.318501 0 -1 0 0 0.1 0.587067 0.1 -nan 0.989949 -0.96 -0.241661 0
15.8194 0.648076 0.0938832 0 0.982929 0.296694 0 -1 0 0 0.1 0.654841 0.1 -nan 0.989949 -0.96 -0.241661 0
15.8881 0.710521 0.113507 0 0.839095 0.274789 0 -1 0 0 0.1 0.719531 0.1 -nan 0.989949 -0.96 -0.241661 0
15.9631 0.768372 0.133278 0 0.707576 0.252878 0 -1 0 0 0.1 0.779845 0.1 -nan 0.989949 -0.96 -0.241661 0
16.0439 0.820473 0.152802 0 0.585721 0.230964 0 -1 0 0 0.1 0.83458 0.1 -nan 0.989949 -0.96 -0.241661 0
16.1298 0.865783 0.17169 0 0.471431 0.20899 0 -1 0 0 0.1 0.882642 0.1 -nan 0.989949 -0.96 -0.241661 0
16.2201 0.903396 0.189563 0 0.362996 0.186862 0 -1 0 0 0.1 0.92307 0.1 -nan 0.989949 -0.96 -0.241661 0
16.3141 0.93256 0.206065 0 0.258983 0.164459 0 -1 0 0 0.1 0.955056 0.1 -nan 0.989949 -0.96 -0.241661 0
16.4108 0.952692 0.220867 0 0.158161 0.141633 0 -1 0 0 0.1 0.977959 0.1 -nan 0.989949 -0.96 -0.241661 0
16.5093 0.963389 0.233673 0 0.0594293 0.118215 0 -1 0 0 0.1 0.991323 0.1 -nan 0.989949 -0.96 -0.241661 0
16.6087 0.964435 0.244226 0 -0.0382245 0.094008 0 -1 0 -0 0.1 0.994877 0.1 -nan 0.989949 -0.96 -0.241661 0
16.708 0.955808 0.252316 0 -0.135771 0.0687826 0 -1 0 -0 0.1 0.98855 0.1 -nan 0.989949 -0.96 -0.241661 0
16.8061 0.937679 0.25778 0 -0.234176 0.0422683 0 -1 0 -0 0.1 0.972467 0.1 -nan 0.989949 -0.96 -0.241661 0
16.9022 0.910408 0.26051 0 -0.33444 0.014142 0 -1 0 -0 0.1 0.946947 0.1 -nan 0.989949 -0.96 -0.241661 0
16.9952 0.87454 0.26045 0 -0.437639 -0.0159891 0 -1 0 -0 0.1 0.912499 0.1 -nan 0.989949 -0.96 -0.241661 0
17.0844 0.830788 0.257601 0 -0.544971 -0.0486105 0 -1 0 -0 0.1 0.869809 0.1 -nan 0.989949 -0.96 -0.241661 0
17.169 0.780026 0.252019 0 -0.657816 -0.0843334 0 -1 0 -0 0.1 0.819728 0.1 -nan 0.989949 -0.96 -0.241661 0
17.2482 0.723266 0.243816 0 -0.777812 -0.123942 0 -1 0 -0 0.1 0.763256 0.1 -nan 0.989949 -0.96 -0.241661 0
17.3215 0.661641 0.233155 0 -0.906958 -0.168462 0 -1 0 -0 0.1 0.70152 0.1 -nan 0.989949 -0.96 -0.241661 0
17.3884 0.596382 0.220248 0 -1.04776 -0.219268 0 -1 0 -0 0.1 0.635752 0.1 -nan 0.989949 -0.96 -0.241661 0
17.4486 0.528791 0.205353 0 -1.20344 -0.278238 0 -1 0 -0 0.1 0.567266 0.1 -nan 0.989949 -0.96 -0.241661 0
17.5019 0.46022 0.188767 0 -1.37825 -0.348023 0 -1 0 -0 0.1 0.497428 0.1 -nan 0.989949 -0.96 -0.241661 0
17.5482 0.392037 0.170821 0 -1.57793 -0.432466 0 -1 0 -0 0.1 0.427636 0.1 -nan 0.989949 -0.96 -0.241661 0
17.5876 0.325605 0.151873 0 -1.8105 -0.537353 0 -1 0 -0 0.1 0.359282 0.1 -nan 0.989949 -0.96 -0.241661 0
17.6202 0.262253 0.132301 0 -2.08748 -0.671776 0 -1 0 -0 0.1 0.293735 0.1 -nan 0.989949 -0.96 -0.241661 0
17.6465 0.203248 0.112496 0 -2.42602 -0.850774 0 -1 0 -0 0.1 0.232305 0.1 -nan 0.989949 -0.96 -0.241661 0
17.6669 0.149772 0.0928548 0 -2.85263 -1.10087 0 -1 0 -0 0.1 0.176221 0.1 -nan 0.989949 -0.96 -0.241661 0
17.682 0.102896 0.0737682 0 -3.40995 -1.47281 0 -1 0 -0 0.1 0.126607 0.1 -nan 0.989949 -0.96 -0.241661 0
17.6925 0.0635606 0.0556179 0 -4.16859 -2.07437 0 -1 0 -0 0.1 0.0844588 0.1 -nan 0.989949 -0.96 -0.241661 0
17.6992 0.0325599 0.0387663 0 -5.24081 -3.16852 0 -1 0 -0 0.1 0.0506258 0.1 -nan 0.989949 -0.96 -0.241661 0
17.703 0.0105247 0.0235501 0 -6.71314 -5.51984 0 -1 0 -0 0.1 0.0257949 0.1 -nan 0.989949 -0.96 -0.241661 0
17.7047 -0.00208211 0.0102755 0 -7.38421 -11.5859 0 -1 0 0 0.1 0.0104844 0.1 -nan 0.989949 -0.96 -0.241661 0
17.7054 -0.0049782 -0.000763519 0 3.93261 -19.4844 0 -1 0 0 0.1 0.00503641 0.1 -nan 0.989949 -0.96 -0.241661 0
17.7061 0.00180096 -0.00930711 0 12.2345 -7.70021 0 -1 0 0 0.1 0.00947976 0.1 -nan 0.989949 -0.96 -0.241661 0
17.7076 0.0180386 -0.015262 0 8.87569 -1.96585 0 -1 0 0 0.1 0.0236288 0.1 -nan 0.989949 -0.96 -0.241661 0
17.7111 0.0434492 -0.0185264 0 6.33886 -0.401309 0 -1 0 0 0.1 0.0472341 0.1 -nan 0.989949 -0.96 -0.241661 0
17.7173 0.0775483 -0.0190268 0 4.79948 0.111949 0 -1 -0 0 0.1 0.0798483 0.1 -nan 0.989949 -0.96 -0.241661 0
17.7273 0.119666 -0.0167472 0 3.8026 0.303486 0 -1 -0 0 0.1 0.120832 0.1 -nan 0.989949 -0.96 -0.241661 0
17.7417 0.168969 -0.0117296 0 3.10913 0.375992 0 -1 -0 0 0.1 0.169376 0.1 -nan 0.989949 -0.96 -0.241661 0
17.7613 0.224478 -0.00407161 0 2.59796 0.398356 0 -1 -0 0 0.1 0.224515 0.1 -nan 0.989949 -0.96 -0.241661 0
17.7868 0.285088 0.00607568 0 2.20354 0.39773 0 -1 0 0 0.1 0.285153 0.1 -nan 0.989949 -0.96 -0.241661 0
17.8184 0.349591 0.0185111 0 1.88784 0.386011 0 -1 0 0 0.1 0.350081 0.1 -nan 0.989949 -0.96 -0.241661 0
17.8568 0.416703 0.0329874 0 1.62745 0.368813 0 -1 0 0 0.1 0.418006 0.1 -nan 0.989949 -0.96 -0.241661 0
17.902 0.485084 0.0492165 0 1.40719 0.348924 0 -1 0 0 0.1 0.487574 0.1 -nan 0.989949 -0.96 -0.241661 0
17.9543 0.55337 0.0668752 0 1.21683 0.327766 0 -1 0 0 0.1 0.557397 0.1 -nan 0.989949 -0.96 -0.241661 0
18.0134 0.6202 0.0856114 0 1.04919 0.306067 0 -1 0 0 0.1 0.62608 0.1 -nan 0.989949 -0.96 -0.241661 0
18.0793 0.684238 0.105052 0 0.899082 0.284185 0 -1 0 0 0.1 0.692255 0.1 -nan 0.989949 -0.96 -0.241661 0
18.1517 0.744206 0.124808 0 0.762645 0.262272 0 -1 0 0 0.1 0.754599 0.1 -nan 0.989949 -0.96 -0.241661 0
18.23 0.798907 0.144486 0 0.636932 0.240363 0 -1 0 0 0.1 0.811867 0.1 -nan 0.989949 -0.96 -0.241661 0
18.3138 0.847248 0.163694 0 0.519628 0.218425 0 -1 0 0 0.1 0.862916 0.1 -nan 0.989949 -0.96 -0.241661 0
18.4023 0.888262 0.182047 0 0.408871 0.196376 0 -1 0 0 0.1 0.906725 0.1 -nan 0.989949 -0.96 -0.241661 0
18.4948 0.921131 0.199179 0 0.303123 0.174107 0 -1 0 0 0.1 0.942419 0.1 -nan 0.989949 -0.96 -0.241661 0
18.5905 0.945196 0.214748 0 0.201074 0.151482 0 -1 0 0 0.1 0.969284 0.1 -nan 0.989949 -0.96 -0.241661 0
18.6883 0.959976 0.228444 0 0.101574 0.128341 0 -1 0 0 0.1 0.986783 0.1 -nan 0.989949 -0.96 -0.241661 0
18.7875 0.965174 0.239991 0 0.00357857 0.104498 0 -1 0 0 0.1 0.994563 0.1 -nan 0.989949 -0.96 -0.241661 0
18.8869 0.960685 0.24916 0 -0.0938961 0.0797398 0 -1 0 -0 0.1 0.99247 0.1 -nan 0.989949 -0.96 -0.241661 0
18.9857 0.946597 0.255767 0 -0.191814 0.0538143 0 -1 0 -0 0.1 0.980542 0.1 -nan 0.989949 -0.96 -0.241661 0
19.0827 0.92319 0.259679 0 -0.291154 0.0264228 0 -1 0 -0 0.1 0.959017 0.1 -nan 0.989949 -0.96 -0.241661 0
19.1772 0.89093 0.260818 0 -0.392957 -0.00279522 0 -1 0 -0 0.1 0.928323 0.1 -nan 0.989949 -0.96 -0.241661 0
19.2681 0.850461 0.259162 0 -0.498359 -0.0342822 0 -1 0 -0 0.1 0.889072 0.1 -nan 0.989949 -0.96 -0.241661 0
19.3548 0.802588 0.254741 0 -0.608657 -0.0685906 0 -1 0 -0 0.1 0.842046 0.1 -nan 0.989949 -0.96 -0.241661 0
19.4364 0.748268 0.247645 0 -0.725365 -0.106423 0 -1 0 -0 0.1 0.788183 0.1 -nan 0.989949 -0.96 -0.241661 0
19.5123 0.688584 0.238015 0 -0.850314 -0.148693 0 -1 0 -0 0.1 0.728559 0.1 -nan 0.989949 -0.96 -0.241661 0
19.582 0.624727 0.226042 0 -0.985772 -0.196607 0 -1 0 -0 0.1 0.664363 0.1 -nan 0.989949 -0.96 -0.241661 0
19.6451 0.557973 0.211965 0 -1.13462 -0.251804 0 -1 0 -0 0.1 0.596878 0.1 -nan 0.989949 -0.96 -0.241661 0
19.7014 0.489654 0.196065 0 -1.30062 -0.316564 0 -1 0 -0 0.1 0.52745 0.1 -nan 0.989949 -0.96 -0.241661 0
19.7506 0.421137 0.17866 0 -1.48881 -0.394148 0 -1 0 -0 0.1 0.457466 0.1 -nan 0.989949 -0.96 -0.241661 0
19.793 0.353789 0.160096 0 -1.70611 -0.489391 0 -1 0 -0 0.1 0.388326 0.1 -nan 0.989949 -0.96 -0.241661 0
19.8285 0.288957 0.140744 0 -1.96234 -0.609738 0 -1 0 -0 0.1 0.321411 0.1 -nan 0.989949 -0.96 -0.241661 0
19.8574 0.227938 0.120991 0 -2.2719 -0.767225 0 -1 0 -0 0.1 0.25806 0.1 -nan 0.989949 -0.96 -0.241661 0
19.8803 0.171953 0.101232 0 -2.65666 -0.982466 0 -1 0 -0 0.1 0.199539 0.1 -nan 0.989949 -0.96 -0.241661 0
19.8976 0.122124 0.0818594 0 -3.15127 -1.29345 0 -1 0 -0 0.1 0.147021 0.1 -nan 0.989949 -0.96 -0.241661 0
19.91 0.0794488 0.063262 0 -3.81249 -1.77706 0 -1 0 -0 0.1 0.101559 0.1 -nan 0.989949 -0.96 -0.241661 0
19.9182 0.0447875 0.0458106 0 -4.73386 -2.60923 0 -1 0 -0 0.1 0.0640666 0.1 -nan 0.989949 -0.96 -0.241661 0
19.9231 0.0188415 0.0298539 0 -6.04001 -4.26282 0 -1 0 -0 0.1 0.0353024 0.1 -nan 0.989949 -0.96 -0.241661 0
19.9256 0.00214609 0.0157111 0 -7.49138 -8.2466 0 -1 0 -0 0.1 0.015857 0.1 -nan 0.989949 -0.96 -0.241661 0
19.9266 -0.00493336 0.00367602 0 -3.5584 -17.6187 0 -1 0 0 0.1 0.00615233 0.1 -nan 0.989949 -0.96 -0.241661 0
19.9272 -0.00227528 -0.00595651 0 11.7583 -13.1684 0 -1 0 0 0.1 0.00637627 0.1 -nan 0.989949 -0.96 -0.241661 0
19.9282 0.00993173 -0.013032 0 10.3702 -3.53857 0 -1 0 0 0.1 0.0163851 0.1 -nan 0.989949 -0.96 -0.241661 0
19.9308 0.0314568 -0.0174622 0 7.27011 -0.856801 0 -1 0 0 0.1 0.0359786 0.1 -nan 0.989949 -0.96 -0.241661 0
19.9357 0.0619021 -0.0191531 0 5.37245 -0.0468323 0 -1 0 0 0.1 0.0647975 0.1 -nan 0.989949 -0.96 -0.241661 0
19.944 0.100675 -0.0180637 0 4.18267 0.242816 0 -1 -0 0 0.1 0.102282 0.1 -nan 0.989949 -0.96 -0.241661 0
19.9564 0.147009 -0.0142114 0 3.37883 0.353599 0 -1 -0 0 0.1 0.147694 0.1 -nan 0.989949 -0.96 -0.241661 0
19.9737 0.199985 -0.00767007 0 2.79986 0.392653 0 -1 -0 0 0.1 0.200132 0.1 -nan 0.989949 -0.96 -0.241661 0
19.9966 0.25855 0.00143165 0 2.36124 0.399847 0 -1 0 0 0.1 0.258554 0.1 -nan 0.989949 -0.96 -0.241661 0
20.0255 0.321538 0.0129136 0 2.01531 0.391945 0 -1 0 0 0.1 0.321797 0.1 -nan 0.989949 -0.96 -0.241661 0
20.061 0.387692 0.0265478 0 1.73344 0.376637 0 -1 0 0 0.1 0.3886 0.1 -nan 0.989949 -0.96 -0.241661 0
20.1032 0.455695 0.0420631 0 1.49746 0.357669 0 -1 0 0 0.1 0.457632 0.1 -nan 0.989949 -0.96 -0.241661 0
20.1525 0.52419 0.0591504 0 1.29531 0.336936 0 -1 0 0 0.1 0.527516 0.1 -nan 0.989949 -0.96 -0.241661 0
20.2086 0.591809 0.0774693 0 1.11866 0.315408 0 -1 0 0 0.1 0.596858 0.1 -nan 0.989949 -0.96 -0.241661 0
20.2717 0.657205 0.0966544 0 0.961571 0.293577 0 -1 0 0 0.1 0.664274 0.1 -nan 0.989949 -0.96 -0.241661 0
20.3413 0.71907 0.116323 0 0.819679 0.271667 0 -1 0 0 0.1 0.728418 0.1 -nan 0.989949 -0.96 -0.241661 0
20.4172 0.77617 0.136083 0 0.689683 0.249758 0 -1 0 0 0.1 0.788009 0.1 -nan 0.989949 -0.96 -0.241661 0
20.4987 0.827364 0.15554 0 0.569024 0.22784 0 -1 0 0 0.1 0.841857 0.1 -nan 0.989949 -0.96 -0.241661 0
20.5853 0.871629 0.174306 0 0.455665 0.20585 0 -1 0 0 0.1 0.888887 0.1 -nan 0.989949 -0.96 -0.241661 0
20.6762 0.908081 0.192005 0 0.347941 0.183691 0 -1 0 0 0.1 0.928158 0.1 -nan 0.989949 -0.96 -0.241661 0
20.7706 0.93599 0.208285 0 0.244455 0.161237 0 -1 0 0 0.1 0.958885 0.1 -nan 0.989949 -0.96 -0.241661 0
20.8676 0.954799 0.222819 0 0.143995 0.138338 0 -1 0 0 0.1 0.980454 0.1 -nan 0.989949 -0.96 -0.241661 0
20.9663 0.96413 0.235319 0 0.0454771 0.11482 0 -1 0 0 0.1 0.992432 0.1 -nan 0.989949 -0.96 -0.241661 0
21.0658 0.963795 0.245533 0 -0.0521026 0.0904831 0 -1 0 -0 0.1 0.994579 0.1 -nan 0.989949 -0.96 -0.241661 0
21.1649 0.953799 0.253257 0 -0.149712 0.0650916 0 -1 0 -0 0.1 0.98685 0.1 -nan 0.989949 -0.96 -0.241661 0
21.2628 0.934342 0.258338 0 -0.24832 0.0383689 0 -1 0 -0 0.1 0.969399 0.1 -nan 0.989949 -0.96 -0.241661 0
21.3585 0.90581 0.260672 0 -0.348934 0.00998287 0 -1 0 -0 0.1 0.942572 0.1 -nan 0.989949 -0.96 -0.241661 0
21.4511 0.868771 0.260214 0 -0.452645 -0.0204707 0 -1 0 -0 0.1 0.906903 0.1 -nan 0.989949 -0.96 -0.241661 0
21.5396 0.823964 0.256971 0 -0.560672 -0.0534931 0 -1 0 -0 0.1 0.863105 0.1 -nan 0.989949 -0.96 -0.241661 0
21.6235 0.772282 0.251008 0 -0.674429 -0.0897169 0 -1 0 -0 0.1 0.81205 0.1 -nan 0.989949 -0.96 -0.241661 0
21.7019 0.714758 0.242443 0 -0.795596 -0.129956 0 -1 0 -0 0.1 0.754757 0.1 -nan 0.989949 -0.96 -0.241661 0
21.7743 0.652538 0.231448 0 -0.926235 -0.175278 0 -1 0 -0 0.1 0.692369 0.1 -nan 0.989949 -0.96 -0.241661 0
21.8403 0.586866 0.218241 0 -1.06894 -0.227116 0 -1 0 -0 0.1 0.626132 0.1 -nan 0.989949 -0.96 -0.241661 0
21.8995 0.519053 0.203086 0 -1.22706 -0.287444 0 -1 0 -0 0.1 0.557369 0.1 -nan 0.989949 -0.96 -0.241661 0
21.9518 0.450452 0.186286 0 -1.40501 -0.359046 0 -1 0 -0 0.1 0.487452 0.1 -nan 0.989949 -0.96 -0.241661 0
21.9971 0.382436 0.168174 0 -1.60882 -0.445989 0 -1 0 -0 0.1 0.41778 0.1 -nan 0.989949 -0.96 -0.241661 0
22.0355 0.316363 0.149114 0 -1.84691 -0.554427 0 -1 0 -0 0.1 0.349744 0.1 -nan 0.989949 -0.96 -0.241661 0
22.0672 0.253555 0.129485 0 -2.13145 -0.694093 0 -1 0 -0 0.1 0.284704 0.1 -nan 0.989949 -0.96 -0.241661 0
22.0926 0.195268 0.10968 0 -2.48063 -0.881223 0 -1 0 -0 0.1 0.223962 0.1 -nan 0.989949 -0.96 -0.241661 0
22.1123 0.142669 0.0900933 0 -2.92276 -1.14475 0 -1 0 -0 0.1 0.168734 0.1 -nan 0.989949 -0.96 -0.241661 0
22.1267 0.0968123 0.0711171 0 -3.5036 -1.54077 0 -1 0 -0 0.1 0.120126 0.1 -nan 0.989949 -0.96 -0.241661 0
22.1366 0.0586196 0.0531302 0 -4.29901 -2.19052 0 -1 0 -0 0.1 0.0791143 0.1 -nan 0.989949 -0.96 -0.241661 0
22.1428 0.0288612 0.0364916 0 -5.42678 -3.39667 0 -1 0 -0 0.1 0.0465253 0.1 -nan 0.989949 -0.96 -0.241661 0
22.1462 0.00814459 0.021534 0 -6.93674 -6.06237 0 -1 0 -0 0.1 0.0230227 0.1 -nan 0.989949 -0.96 -0.241661 0
22.1477 -0.00309146 0.00855954 0 -6.98875 -12.9969 0 -1 0 0 0.1 0.00910071 0.1 -nan 0.989949 -0.96 -0.241661 0
22.1484 -0.00459783 -0.0021362 0 6.63014 -18.669 0 -1 0 0 0.1 0.00506985 0.1 -nan 0.989949 -0.96 -0.241661 0
22.1491 0.00354075 -0.0103155 0 11.8749 -6.35347 0 -1 0 0 0.1 0.0109063 0.1 -nan 0.989949 -0.96 -0.241661 0
22.1509 0.0211068 -0.0158936 0 8.43198 -1.61155 0 -1 0 0 0.1 0.0264217 0.1 -nan 0.989949 -0.96 -0.241661 0
22.1547 0.0477891 -0.0187675 0 6.07199 -0.292035 0 -1 0 0 0.1 0.0513422 0.1 -nan 0.989949 -0.96 -0.241661 0
22.1614 0.0830753 -0.0188715 0 4.63179 0.151563 0 -1 -0 0 0.1 0.0851917 0.1 -nan 0.989949 -0.96 -0.241661 0
22.1719 0.126271 -0.0161981 0 3.68898 0.318723 0 -1 -0 0 0.1 0.127306 0.1 -nan 0.989949 -0.96 -0.241661 0
22.1871 0.176521 -0.0107971 0 3.02713 0.381346 0 -1 -0 0 0.1 0.176851 0.1 -nan 0.989949 -0.96 -0.241661 0
22.2075 0.232827 -0.00277416 0 2.53575 0.39929 0 -1 -0 0 0.1 0.232843 0.1 -nan 0.989949 -0.96 -0.241661 0
22.2338 0.294067 0.00771243 0 2.15443 0.396563 0 -1 0 0 0.1 0.294168 0.1 -nan 0.989949 -0.96 -0.241661 0
22.2664 0.359022 0.0204546 0 1.8478 0.38381 0 -1 0 0 0.1 0.359604 0.1 -nan 0.989949 -0.96 -0.241661 0
22.3057 0.426397 0.0351991 0 1.59391 0.366101 0 -1 0 0 0.1 0.427847 0.1 -nan 0.989949 -0.96 -0.241661 0
22.3519 0.494848 0.0516523 0 1.37845 0.345965 0 -1 0 0 0.1 0.497536 0.1 -nan 0.989949 -0.96 -0.241661 0
22.4051 0.563009 0.0694866 0 1.1917 0.324697 0 -1 0 0 0.1 0.567281 0.1 -nan 0.989949 -0.96 -0.241661 0
22.4653 0.629522 0.0883463 0 1.02684 0.302956 0 -1 0 0 0.1 0.635691 0.1 -nan 0.989949 -0.96 -0.241661 0
22.5321 0.693057 0.107855 0 0.87889 0.281064 0 -1 0 0 0.1 0.701399 0.1 -nan 0.989949 -0.96 -0.241661 0
22.6054 0.752346 0.127625 0 0.744144 0.259151 0 -1 0 0 0.1 0.763094 0.1 -nan 0.989949 -0.96 -0.241661 0
22.6845 0.806205 0.14726 0 0.619758 0.237242 0 -1 0 0 0.1 0.819543 0.1 -nan 0.989949 -0.96 -0.241661 0
22.769 0.853558 0.166369 0 0.503491 0.215293 0 -1 0 0 0.1 0.86962 0.1 -nan 0.989949 -0.96 -0.241661 0
22.8581 0.893459 0.18457 0 0.393536 0.193221 0 -1 0 0 0.1 0.912323 0.1 -nan 0.989949 -0.96 -0.241661 0
22.9511 0.925109 0.2015 0 0.28839 0.17091 0 -1 0 0 0.1 0.9468 0.1 -nan 0.989949 -0.96 -0.241661 0
23.0472 0.947877 0.21682 0 0.186771 0.148222 0 -1 0 0 0.1 0.972359 0.1 -nan 0.989949 -0.96 -0.241661 0
23.1453 0.961306 0.230225 0 0.0875475 0.124992 0 -1 0 0 0.1 0.98849 0.1 -nan 0.989949 -0.96 -0.241661 0
23.2445 0.965126 0.241447 0 -0.0103145 0.101033 0 -1 0 -0 0.1 0.994869 0.1 -nan 0.989949 -0.96 -0.241661 0
23.3439 0.95926 0.250261 0 -0.107793 0.0761248 0 -1 0 -0 0.1 0.991368 0.1 -nan 0.989949 -0.96 -0.241661 0
23.4425 0.943823 0.256491 0 -0.205853 0.05001 0 -1 0 -0 0.1 0.978054 0.1 -nan 0.989949 -0.96 -0.241661 0
23.5392 0.919123 0.260012 0 -0.305479 0.022382 0 -1 0 -0 0.1 0.955193 0.1 -nan 0.989949 -0.96 -0.241661 0
23.6333 0.885651 0.260753 0 -0.407722 -0.00712997 0 -1 0 -0 0.1 0.923238 0.1 -nan 0.989949 -0.96 -0.241661 0
23.7236 0.844074 0.258699 0 -0.513738 -0.038982 0 -1 0 -0 0.1 0.882828 0.1 -nan 0.989949 -0.96 -0.241661 0
23.8096 0.795221 0.253891 0 -0.62485 -0.0737454 0 -1 0 -0 0.1 0.834768 0.1 -nan 0.989949 -0.96 -0.241661 0
23.8904 0.740068 0.246424 0 -0.742612 -0.112149 0 -1 0 -0 0.1 0.780016 0.1 -nan 0.989949 -0.96 -0.241661 0
23.9655 0.679714 0.236447 0 -0.868907 -0.15514 0 -1 0 -0 0.1 0.719666 0.1 -nan 0.989949 -0.96 -0.241661 0
24.0343 0.615365 0.224159 0 -1.00608 -0.203979 0 -1 0 -0 0.1 0.654921 0.1 -nan 0.989949 -0.96 -0.241661 0
24.0964 0.548306 0.209805 0 -1.15712 -0.260381 0 -1 0 -0 0.1 0.587075 0.1 -nan 0.989949 -0.96 -0.241661 0
24.1517 0.479875 0.19367 0 -1.32593 -0.326739 0 -1 0 -0 0.1 0.517483 0.1 -nan 0.989949 -0.96 -0.241661 0
24.2 0.411441 0.176078 0 -1.51779 -0.406497 0 -1 0 -0 0.1 0.447534 0.1 -nan 0.989949 -0.96 -0.241661 0
24.2413 0.34437 0.157379 0 -1.73995 -0.504781 0 -1 0 -0 0.1 0.378628 0.1 -nan 0.989949 -0.96 -0.241661 0
24.2759 0.280004 0.137946 0 -2.00276 -0.629541 0 -1 0 -0 0.1 0.31214 0.1 -nan 0.989949 -0.96 -0.241661 0
24.3039 0.219629 0.118168 0 -2.32147 -0.793719 0 -1 0 -0 0.1 0.249401 0.1 -nan 0.989949 -0.96 -0.241661 0
24.326 0.164455 0.0984395 0 -2.71938 -1.0197 0 -1 0 -0 0.1 0.191666 0.1 -nan 0.989949 -0.96 -0.241661 0
24.3425 0.115587 0.0791544 0 -3.23357 -1.34921 0 -1 0 -0 0.1 0.140092 0.1 -nan 0.989949 -0.96 -0.241661 0
24.3543 0.0740044 0.0606979 0 -3.92508 -1.86806 0 -1 0 -0 0.1 0.0957125 0.1 -nan 0.989949 -0.96 -0.241661 0
24.362 0.0405453 0.0434388 0 -4.89374 -2.7766 0 -1 0 -0 0.1 0.059421 0.1 -nan 0.989949 -0.96 -0.241661 0
24.3665 0.0158882 0.0277217 0 -6.25944 -4.62746 0 -1 0 -0 0.1 0.0319519 0.1 -nan 0.989949 -0.96 -0.241661 0
24.3687 0.000544113 0.0138614 0 -7.5757 -9.20777 0 -1 0 -0 0.1 0.0138721 0.1 -nan 0.989949 -0.96 -0.241661 0
24.3696 -0.00514718 0.0021508 0 -1.43892 -18.8269 0 -1 0 0 0.1 0.00557847 0.1 -nan 0.989949 -0.96 -0.241661 0
24.3701 -0.00111505 -0.00712174 0 12.2962 -11.1469 0 -1 0 0 0.1 0.00720851 0.1 -nan 0.989949 -0.96 -0.241661 0
24.3714 0.0124355 -0.0138272 0 9.85194 -2.91301 0 -1 0 0 0.1 0.0185966 0.1 -nan 0.989949 -0.96 -0.241661 0
24.3742 0.0352603 -0.0178719 0 6.93761 -0.680329 0 -1 0 0 0.1 0.0395309 0.1 -nan 0.989949 -0.96 -0.241661 0
24.3795 0.0669321 -0.0191679 0 5.16973 0.01355 0 -1 -0 0 0.1 0.0696227 0.1 -nan 0.989949 -0.96 -0.241661 0
24.3883 0.106832 -0.0176826 0 4.04957 0.265771 0 -1 -0 0 0.1 0.108286 0.1 -nan 0.989949 -0.96 -0.241661 0
24.4014 0.154172 -0.0134415 0 3.28516 0.362209 0 -1 -0 0 0.1 0.154757 0.1 -nan 0.989949 -0.96 -0.241661 0
24.4195 0.208012 -0.0065264 0 2.73021 0.395082 0 -1 -0 0 0.1 0.208114 0.1 -nan 0.989949 -0.96 -0.241661 0
24.4432 0.26728 0.00292651 0 2.30712 0.399401 0 -1 0 0 0.1 0.267296 0.1 -nan 0.989949 -0.96 -0.241661 0
24.473 0.330797 0.01473 0 1.97176 0.390101 0 -1 0 0 0.1 0.331125 0.1 -nan 0.989949 -0.96 -0.241661 0
24.5094 0.397296 0.0286497 0 1.69736 0.374101 0 -1 0 0 0.1 0.398328 0.1 -nan 0.989949 -0.96 -0.241661 0
24.5527 0.465453 0.0444085 0 1.46683 0.354794 0 -1 0 0 0.1 0.467566 0.1 -nan 0.989949 -0.96 -0.241661 0
24.6029 0.533906 0.0616927 0 1.26875 0.333903 0 -1 0 0 0.1 0.537459 0.1 -nan 0.989949 -0.96 -0.241661 0
24.6601 0.601291 0.0801577 0 1.0952 0.31231 0 -1 0 0 0.1 0.60661 0.1 -nan 0.989949 -0.96 -0.241661 0
24.7241 0.666262 0.0994355 0 0.940519 0.290458 0 -1 0 0 0.1 0.673641 0.1 -nan 0.989949 -0.96 -0.241661 0
24.7946 0.727522 0.119141 0 0.800503 0.268546 0 -1 0 0 0.1 0.737213 0.1 -nan 0.989949 -0.96 -0.241661 0
24.8713 0.783848 0.138882 0 0.671979 0.246637 0 -1 0 0 0.1 0.796056 0.1 -nan 0.989949 -0.96 -0.241661 0
24.9536 0.834114 0.158264 0 0.552474 0.224714 0 -1 0 0 0.1 0.848996 0.1 -nan 0.989949 -0.96 -0.241661 0
25.0408 0.877317 0.1769 0 0.440012 0.202707 0 -1 0 0 0.1 0.894974 0.1 -nan 0.989949 -0.96 -0.241661 0
25.1323 0.912593 0.194418 0 0.332972 0.180514 0 -1 0 0 0.1 0.933073 0.1 -nan 0.989949 -0.96 -0.241661 0
25.2271 0.939236 0.210469 0 0.229987 0.158006 0 -1 0 0 0.1 0.962529 0.1 -nan 0.989949 -0.96 -0.241661 0
25.3245 0.956713 0.22473 0 0.129868 0.13503 0 -1 0 0 0.1 0.982753 0.1 -nan 0.989949 -0.96 -0.241661 0
25.4233 0.964674 0.236918 0 0.0315438 0.111409 0 -1 0 0 0.1 0.993341 0.1 -nan 0.989949 -0.96 -0.241661 0
25.5228 0.962958 0.246789 0 -0.0659814 0.0869368 0 -1 0 -0 0.1 0.994079 0.1 -nan 0.989949 -0.96 -0.241661 0
25.6218 0.951599 0.254145 0 -0.163673 0.0613737 0 -1 0 -0 0.1 0.984952 0.1 -nan 0.989949 -0.96 -0.241661 0
25.7195 0.930821 0.25884 0 -0.262504 0.0344358 0 -1 0 -0 0.1 0.96614 0.1 -nan 0.989949 -0.96 -0.241661 0
25.8148 0.901038 0.260778 0 -0.36349 0.00578197 0 -1 0 -0 0.1 0.938016 0.1 -nan 0.989949 -0.96 -0.241661 0
25.9068 0.862844 0.259921 0 -0.467738 -0.0250043 0 -1 0 -0 0.1 0.901143 0.1 -nan 0.989949 -0.96 -0.241661 0
25.9948 0.817 0.256285 0 -0.57649 -0.0584404 0 -1 0 -0 0.1 0.856254 0.1 -nan 0.989949 -0.96 -0.241661 0
26.0779 0.76442 0.249943 0 -0.691191 -0.0951814 0 -1 0 -0 0.1 0.804245 0.1 -nan 0.989949 -0.96 -0.241661 0
26.1555 0.706154 0.241021 0 -0.813571 -0.136072 0 -1 0 -0 0.1 0.746154 0.1 -nan 0.989949 -0.96 -0.241661 0
26.227 0.643365 0.229696 0 -0.945756 -0.182224 0 -1 0 -0 0.1 0.683139 0.1 -nan 0.989949 -0.96 -0.241661 0
26.292 0.577307 0.216195 0 -1.09043 -0.235136 0 -1 0 -0 0.1 0.61646 0.1 -nan 0.989949 -0.96 -0.241661 0
26.3503 0.509298 0.200786 0 -1.25107 -0.296876 0 -1 0 -0 0.1 0.547448 0.1 -nan 0.989949 -0.96 -0.241661 0
26.4016 0.440697 0.183778 0 -1.4323 -0.370377 0 -1 0 -0 0.1 0.477481 0.1 -nan 0.989949 -0.96 -0.241661 0
26.4459 0.372875 0.165509 0 -1.64041 -0.459943 0 -1 0 -0 0.1 0.407957 0.1 -nan 0.989949 -0.96 -0.241661 0
26.4833 0.307188 0.146344 0 -1.88426 -0.572125 0 -1 0 -0 0.1 0.340266 0.1 -nan 0.989949 -0.96 -0.241661 0
26.5141 0.244948 0.126666 0 -2.17671 -0.717353 0 -1 0 -0 0.1 0.275761 0.1 -nan 0.989949 -0.96 -0.241661 0
26.5387 0.187403 0.106867 0 -2.5371 -0.913182 0 -1 0 -0 0.1 0.215732 0.1 -nan 0.989949 -0.96 -0.241661 0
26.5575 0.135702 0.0873442 0 -2.99565 -1.19123 0 -1 0 -0 0.1 0.161382 0.1 -nan 0.989949 -0.96 -0.241661 0
26.5712 0.0908847 0.0684861 0 -3.60152 -1.61363 0 -1 0 -0 0.1 0.1138 0.1 -nan 0.989949 -0.96 -0.241661 0
26.5806 0.0538499 0.0506698 0 -4.43615 -2.31716 0 -1 0 -0 0.1 0.0739408 0.1 -nan 0.989949 -0.96 -0.241661 0
26.5863 0.0253462 0.0342511 0 -5.62177 -3.65152 0 -1 0 -0 0.1 0.0426095 0.1 -nan 0.989949 -0.96 -0.241661 0
26.5894 0.00595706 0.0195581 0 -7.1495 -6.68633 0 -1 0 -0 0.1 0.0204452 0.1 -nan 0.989949 -0.96 -0.241661 0
26.5907 -0.00390279 0.00688967 0 -6.28435 -14.5288 0 -1 0 0 0.1 0.00791829 0.1 -nan 0.989949 -0.96 -0.241661 0
26.5913 -0.00402183 -0.00345725 0 8.93536 -17.1833 0 -1 0 0 0.1 0.00530356 0.1 -nan 0.989949 -0.96 -0.241661 0
26.5921 0.00547206 -0.0112713 0 11.4125 -5.23261 0 -1 0 0 0.1 0.0125294 0.1 -nan 0.989949 -0.96 -0.241661 0
26.5941 0.0243604 -0.0164703 0 8.01765 -1.31577 0 -1 0 0 0.1 0.0294058 0.1 -nan 0.989949 -0.96 -0.241661 0
26.5983 0.0523039 -0.0189523 0 5.82335 -0.198186 0 -1 0 0 0.1 0.0556317 0.1 -nan 0.989949 -0.96 -0.241661 0
26.6055 0.088763 -0.0186598 0 4.47385 0.186101 0 -1 -0 0 0.1 0.0907032 0.1 -nan 0.989949 -0.96 -0.241661 0
26.6167 0.13302 -0.0155935 0 3.58091 0.331989 0 -1 -0 0 0.1 0.13393 0.1 -nan 0.989949 -0.96 -0.241661 0
26.6325 0.184196 -0.0098114 0 2.94852 0.385844 0 -1 -0 0 0.1 0.184457 0.1 -nan 0.989949 -0.96 -0.241661 0
26.6537 0.241275 -0.00142664 0 2.47574 0.399825 0 -1 -0 0 0.1 0.24128 0.1 -nan 0.989949 -0.96 -0.241661 0
26.6809 0.303121 0.00939503 0 2.10682 0.3952 0 -1 0 0 0.1 0.303267 0.1 -nan 0.989949 -0.96 -0.241661 0
26.7144 0.368501 0.0224389 0 1.80881 0.381512 0 -1 0 0 0.1 0.369184 0.1 -nan 0.989949 -0.96 -0.241661 0
26.7547 0.436112 0.0374455 0 1.56114 0.363341 0 -1 0 0 0.1 0.437717 0.1 -nan 0.989949 -0.96 -0.241661 0
26.802 0.504606 0.0541162 0 1.35028 0.342985 0 -1 0 0 0.1 0.507499 0.1 -nan 0.989949 -0.96 -0.241661 0
26.8562 0.572615 0.0721188 0 1.16702 0.321619 0 -1 0 0 0.1 0.577139 0.1 -nan 0.989949 -0.96 -0.241661 0
26.9173 0.638783 0.0910944 0 1.00483 0.299843 0 -1 0 0 0.1 0.645246 0.1 -nan 0.989949 -0.96 -0.241661 0
26.9851 0.701789 0.110665 0 0.858965 0.277942 0 -1 0 0 0.1 0.710461 0.1 -nan 0.989949 -0.96 -0.241661 0
27.0592 0.760375 0.130439 0 0.725852 0.256031 0 -1 0 0 0.1 0.771482 0.1 -nan 0.989949 -0.96 -0.241661 0
27.1391 0.81337 0.150023 0 0.602747 0.234119 0 -1 0 0 0.1 0.82709 0.1 -nan 0.989949 -0.96 -0.241661 0
27.2243 0.859716 0.169025 0 0.487482 0.212159 0 -1 0 0 0.1 0.876174 0.1 -nan 0.989949 -0.96 -0.241661 0
27.3141 0.898487 0.187067 0 0.378297 0.190061 0 -1 0 0 0.1 0.917754 0.1 -nan 0.989949 -0.96 -0.241661 0
27.4075 0.928907 0.203788 0 0.273728 0.167705 0 -1 0 0 0.1 0.950999 0.1 -nan 0.989949 -0.96 -0.241661 0
27.5039 0.950369 0.218853 0 0.172517 0.14495 0 -1 0 0 0.1 0.975242 0.1 -nan 0.989949 -0.96 -0.241661 0
27.6023 0.962441 0.231963 0 0.0735485 0.121629 0 -1 0 0 0.1 0.989999 0.1 -nan 0.989949 -0.96 -0.241661 0
27.7016 0.964881 0.242854 0 -0.0242 0.0975487 0 -1 0 -0 0.1 0.994975 0.1 -nan 0.989949 -0.96 -0.241661 0
27.8009 0.957641 0.25131 0 -0.121703 0.0724854 0 -1 0 -0 0.1 0.990067 0.1 -nan 0.989949 -0.96 -0.241661 0
27.8993 0.940861 0.25716 0 -0.219924 0.0461751 0 -1 0 -0 0.1 0.975372 0.1 -nan 0.989949 -0.96 -0.241661 0
27.9957 0.914877 0.260288 0 -0.319857 0.0183031 0 -1 0 -0 0.1 0.951184 0.1 -nan 0.989949 -0.96 -0.241661 0
28.0892 0.880206 0.260631 0 -0.422563 -0.011512 0 -1 0 -0 0.1 0.917982 0.1 -nan 0.989949 -0.96 -0.241661 0
28.1791 0.837538 0.258181 0 -0.52922 -0.0437408 0 -1 0 -0 0.1 0.876429 0.1 -nan 0.989949 -0.96 -0.241661 0
28.2643 0.787726 0.252987 0 -0.641177 -0.0789737 0 -1 0 -0 0.1 0.827354 0.1 -nan 0.989949 -0.96 -0.241661 0
28.3444 0.731762 0.245152 0 -0.760031 -0.117967 0 -1 0 -0 0.1 0.771735 0.1 -nan 0.989949 -0.96 -0.241661 0
28.4186 0.670763 0.234833 0 -0.887719 -0.161705 0 -1 0 -0 0.1 0.710683 0.1 -nan 0.989949 -0.96 -0.241661 0
28.4864 0.605948 0.222234 0 -1.02667 -0.211504 0 -1 0 -0 0.1 0.645416 0.1 -nan 0.989949 -0.96 -0.241661 0
28.5476 0.538611 0.207608 0 -1.17997 -0.269158 0 -1 0 -0 0.1 0.577237 0.1 -nan 0.989949 -0.96 -0.241661 0
28.6019 0.470096 0.191246 0 -1.35171 -0.337184 0 -1 0 -0 0.1 0.507509 0.1 -nan 0.989949 -0.96 -0.241661 0
28.6492 0.401773 0.173474 0 -1.54738 -0.419217 0 -1 0 -0 0.1 0.437624 0.1 -nan 0.989949 -0.96 -0.241661 0
28.6895 0.335006 0.154647 0 -1.77461 -0.520701 0 -1 0 -0 0.1 0.368978 0.1 -nan 0.989949 -0.96 -0.241661 0
28.7231 0.271132 0.135141 0 -2.04431 -0.650128 0 -1 0 -0 0.1 0.302945 0.1 -nan 0.989949 -0.96 -0.241661 0
28.7503 0.211426 0.115346 0 -2.37263 -0.821437 0 -1 0 -0 0.1 0.240844 0.1 -nan 0.989949 -0.96 -0.241661 0
28.7715 0.157085 0.0956564 0 -2.78442 -1.05896 0 -1 0 -0 0.1 0.183918 0.1 -nan 0.989949 -0.96 -0.241661 0
28.7874 0.109198 0.0764661 0 -3.31941 -1.40866 0 -1 0 -0 0.1 0.133309 0.1 -nan 0.989949 -0.96 -0.241661 0
28.7985 0.0687249 0.0581582 0 -4.04322 -1.96648 0 -1 0 -0 0.1 0.0900305 0.1 -nan 0.989949 -0.96 -0.241661 0
28.8057 0.036482 0.0410983 0 -5.06198 -2.96142 0 -1 0 -0 0.1 0.0549546 0.1 -nan 0.989949 -0.96 -0.241661 0
28.8098 0.0131241 0.0256271 0 -6.4841 -5.04179 0 -1 0 -0 0.1 0.0287922 0.1 -nan 0.989949 -0.96 -0.241661 0
28.8118 -0.000861689 0.0120553 0 -7.55794 -10.313 0 -1 0 0 0.1 0.0120861 0.1 -nan 0.989949 -0.96 -0.241661 0
28.8126 -0.00516288 0.000675524 0 1.11924 -19.5155 0 -1 0 0 0.1 0.00520688 0.1 -nan 0.989949 -0.96 -0.241661 0
28.8131 0.000238166 -0.00823509 0 12.4124 -9.31091 0 -1 0 0 0.1 0.00823854 0.1 -nan 0.989949 -0.96 -0.241661 0
28.8145 0.0151279 -0.0145684 0 9.35322 -2.39699 0 -1 0 0 0.1 0.0210022 0.1 -nan 0.989949 -0.96 -0.241661 0
28.8176 0.0392436 -0.0182258 0 6.62878 -0.530402 0 -1 0 0 0.1 0.0432694 0.1 -nan 0.989949 -0.96 -0.241661 0
28.8234 0.0721294 -0.0191263 0 4.97969 0.0659505 0 -1 -0 0 0.1 0.0746221 0.1 -nan 0.989949 -0.96 -0.241661 0
28.8328 0.113141 -0.0172455 0 3.92346 0.285819 0 -1 -0 0 0.1 0.114448 0.1 -nan 0.989949 -0.96 -0.241661 0
28.8465 0.161467 -0.0126172 0 3.19565 0.369609 0 -1 -0 0 0.1 0.16196 0.1 -nan 0.989949 -0.96 -0.241661 0
28.8654 0.216148 -0.00533115 0 2.66318 0.39696 0 -1 -0 0 0.1 0.216214 0.1 -nan 0.989949 -0.96 -0.241661 0
28.8899 0.276096 0.00446916 0 2.25476 0.39869 0 -1 0 0 0.1 0.276132 0.1 -nan 0.989949 -0.96 -0.241661 0
28.9207 0.340117 0.0165894 0 1.92943 0.388126 0 -1 0 0 0.1 0.340521 0.1 -nan 0.989949 -0.96 -0.241661 0
28.9581 0.406935 0.0307889 0 1.66216 0.3715 0 -1 0 0 0.1 0.408098 0.1 -nan 0.989949 -0.96 -0.241661 0
29.0023 0.475217 0.046785 0 1.43685 0.351888 0 -1 0 0 0.1 0.477514 0.1 -nan 0.989949 -0.96 -0.241661 0
29.0535 0.543601 0.064259 0 1.24268 0.330856 0 -1 0 0 0.1 0.547386 0.1 -nan 0.989949 -0.96 -0.241661 0
29.1117 0.610723 0.0828627 0 1.07213 0.309207 0 -1 0 0 0.1 0.616319 0.1 -nan 0.989949 -0.96 -0.241661 0
29.1766 0.675243 0.102225 0 0.919763 0.287338 0 -1 0 0 0.1 0.682937 0.1 -nan 0.989949 -0.96 -0.241661 0
29.2481 0.735873 0.12196 0 0.781559 0.265425 0 -1 0 0 0.1 0.745911 0.1 -nan 0.989949 -0.96 -0.241661 0
29.3256 0.791402 0.141674 0 0.654457 0.243517 0 -1 0 0 0.1 0.803983 0.1 -nan 0.989949 -0.96 -0.241661 0
29.4086 0.840721 0.160973 0 0.536066 0.221586 0 -1 0 0 0.1 0.855993 0.1 -nan 0.989949 -0.96 -0.241661 0
29.4965 0.882844 0.179472 0 0.424469 0.19956 0 -1 0 0 0.1 0.900902 0.1 -nan 0.989949 -0.96 -0.241661 0
29.5885 0.916929 0.196802 0 0.318085 0.177331 0 -1 0 0 0.1 0.937812 0.1 -nan 0.989949 -0.96 -0.241661 0
29.6837 0.942295 0.212616 0 0.215578 0.154766 0 -1 0 0 0.1 0.965985 0.1 -nan 0.989949 -0.96 -0.241661 0
29.7814 0.958434 0.226599 0 0.115777 0.13171 0 -1 0 0 0.1 0.984857 0.1 -nan 0.989949 -0.96 -0.241661 0
29.8804 0.965022 0.238471 0 0.0176266 0.10798 0 -1 0 0 0.1 0.99405 0.1 -nan 0.989949 -0.96 -0.241661 0
29.9798 0.961926 0.247995 0 -0.0798637 0.0833684 0 -1 0 -0 0.1 0.99338 0.1 -nan 0.989949 -0.96 -0.241661 0
30.0787 0.949207 0.254979 0 -0.177658 0.057628 0 -1 0 -0 0.1 0.982857 0.1 -nan 0.989949 -0.96 -0.241661 0
30.1761 0.927117 0.259286 0 -0.276732 0.0304681 0 -1 0 -0 0.1 0.962691 0.1 -nan 0.989949 -0.96 -0.241661 0
30.271 0.896096 0.260827 0 -0.378112 0.00153795 0 -1 0 -0 0.1 0.933283 0.1 -nan 0.989949 -0.96 -0.241661 0
30.3625 0.856762 0.259572 0 -0.482922 -0.0295914 0 -1 0 -0 0.1 0.895219 0.1 -nan 0.989949 -0.96 -0.241661 0
30.4498 0.809899 0.255545 0 -0.592427 -0.0634545 0 -1 0 -0 0.1 0.849258 0.1 -nan 0.989949 -0.96 -0.241661 0
30.5322 0.756442 0.248826 0 -0.708109 -0.10073 0 -1 0 -0 0.1 0.796316 0.1 -nan 0.989949 -0.96 -0.241661 0
30.6089 0.697459 0.23955 0 -0.831744 -0.142294 0 -1 0 -0 0.1 0.73745 0.1 -nan 0.989949 -0.96 -0.241661 0
30.6796 0.634126 0.2279 0 -0.965529 -0.189307 0 -1 0 -0 0.1 0.673835 0.1 -nan 0.989949 -0.96 -0.241661 0
30.7436 0.567708 0.21411 0 -1.11224 -0.243334 0 -1 0 -0 0.1 0.606741 0.1 -nan 0.989949 -0.96 -0.241661 0
30.8009 0.499531 0.198454 0 -1.2755 -0.306544 0 -1 0 -0 0.1 0.537508 0.1 -nan 0.989949 -0.96 -0.241661 0
30.8512 0.430957 0.181244 0 -1.46012 -0.382031 0 -1 0 -0 0.1 0.467519 0.1 -nan 0.989949 -0.96 -0.241661 0
30.8945 0.363357 0.162825 0 -1.67271 -0.47435 0 -1 0 -0 0.1 0.398171 0.1 -nan 0.989949 -0.96 -0.241661 0
30.931 0.298082 0.143563 0 -1.92258 -0.590482 0 -1 0 -0 0.1 0.330853 0.1 -nan 0.989949 -0.96 -0.241661 0
30.9608 0.236437 0.123844 0 -2.22334 -0.741619 0 -1 0 -0 0.1 0.266908 0.1 -nan 0.989949 -0.96 -0.241661 0
30.9846 0.179656 0.104061 0 -2.59552 -0.946763 0 -1 0 -0 0.1 0.207617 0.1 -nan 0.989949 -0.96 -0.241661 0
31.0026 0.128876 0.0846086 0 -3.07148 -1.24052 0 -1 0 -0 0.1 0.154168 0.1 -nan 0.989949 -0.96 -0.241661 0
31.0157 0.0851151 0.0658763 0 -3.704 -1.6919 0 -1 0 -0 0.1 0.10763 0.1 -nan 0.989949 -0.96 -0.241661 0
31.0245 0.0492535 0.0482379 0 -4.58042 -2.45566 0 -1 0 -0 0.1 0.0689406 0.1 -nan 0.989949 -0.96 -0.241661 0
31.0298 0.0220164 0.0320457 0 -5.82562 -3.93734 0 -1 0 -0 0.1 0.0388799 0.1 -nan 0.989949 -0.96 -0.241661 0
31.0326 0.00396312 0.0176234 0 -7.33974 -7.406 0 -1 0 -0 0.1 0.0180635 0.1 -nan 0.989949 -0.96 -0.241661 0
31.0337 -0.00451573 0.00526686 0 -5.17505 -16.109 0 -1 0 0 0.1 0.0069377 0.1 -nan 0.989949 -0.96 -0.241661 0
31.0343 -0.00325108 -0.00472658 0 10.6558 -15.2671 0 -1 0 0 0.1 0.00573673 0.1 -nan 0.989949 -0.96 -0.241661 0
31.0352 0.00759431 -0.012174 0 10.9011 -4.30726 0 -1 0 0 0.1 0.0143485 0.1 -nan 0.989949 -0.96 -0.241661 0
31.0375 0.027798 -0.0169917 0 7.63201 -1.06773 0 -1 0 0 0.1 0.0325798 0.1 -nan 0.989949 -0.96 -0.241661 0
31.042 0.0569918 -0.0190807 0 5.59138 -0.11734 0 -1 0 0 0.1 0.0601011 0.1 -nan 0.989949 -0.96 -0.241661 0
31.0497 0.0946093 -0.0183917 0 4.32485 0.216242 0 -1 -0 0 0.1 0.0963804 0.1 -nan 0.989949 -0.96 -0.241661 0
31.0615 0.139909 -0.0149338 0 3.47797 0.343516 0 -1 -0 0 0.1 0.140703 0.1 -nan 0.989949 -0.96 -0.241661 0
31.0781 0.191991 -0.00877276 0 2.87307 0.389577 0 -1 -0 0 0.1 0.192191 0.1 -nan 0.989949 -0.96 -0.241661 0
31.1001 0.249821 -2.95976e-05 0 2.41779 0.4 0 -1 -0 0 0.1 0.249821 0.1 -nan 0.989949 -0.96 -0.241661 0
31.1281 0.312247 0.0111228 0 2.06062 0.393662 0 -1 0 0 0.1 0.312446 0.1 -nan 0.989949 -0.96 -0.241661 0
31.1627 0.378026 0.024463 0 1.77083 0.379127 0 -1 0 0 0.1 0.378817 0.1 -nan 0.989949 -0.96 -0.241661 0
31.2039 0.445846 0.0397258 0 1.52911 0.360539 0 -1 0 0 0.1 0.447612 0.1 -nan 0.989949 -0.96 -0.241661 0
31.2521 0.514354 0.0566072 0 1.32267 0.339984 0 -1 0 0 0.1 0.51746 0.1 -nan 0.989949 -0.96 -0.241661 0
31.3073 0.582184 0.0747708 0 1.14276 0.318533 0 -1 0 0 0.1 0.586965 0.1 -nan 0.989949 -0.96 -0.241661 0
31.3694 0.647981 0.0938545 0 0.983152 0.296727 0 -1 0 0 0.1 0.654743 0.1 -nan 0.989949 -0.96 -0.241661 0
31.4381 0.710432 0.113478 0 0.839298 0.274821 0 -1 0 0 0.1 0.719438 0.1 -nan 0.989949 -0.96 -0.241661 0
31.5131 0.768291 0.133249 0 0.707762 0.25291 0 -1 0 0 0.1 0.77976 0.1 -nan 0.989949 -0.96 -0.241661 0
31.5938 0.820401 0.152774 0 0.585895 0.230996 0 -1 0 0 0.1 0.834504 0.1 -nan 0.989949 -0.96 -0.241661 0
31.6797 0.865721 0.171662 0 0.471596 0.209023 0 -1 0 0 0.1 0.882576 0.1 -nan 0.989949 -0.96 -0.241661 0
31.77 0.903346 0.189537 0 0.363152 0.186895 0 -1 0 0 0.1 0.923016 0.1 -nan 0.989949 -0.96 -0.241661 0
31.864 0.932523 0.206042 0 0.259134 0.164492 0 -1 0 0 0.1 0.955015 0.1 -nan 0.989949 -0.96 -0.241661 0
31.9607 0.952669 0.220847 0 0.158308 0.141667 0 -1 0 0 0.1 0.977932 0.1 -nan 0.989949 -0.96 -0.241661 0
32.0593 0.96338 0.233655 0 0.0595741 0.11825 0 -1 0 0 0.1 0.99131 0.1 -nan 0.989949 -0.96 -0.241661 0
32.1586 0.96444 0.244212 0 -0.0380805 0.0940445 0 -1 0 -0 0.1 0.994879 0.1 -nan 0.989949 -0.96 -0.241661 0
32.2579 0.955827 0.252306 0 -0.135626 0.0688207 0 -1 0 -0 0.1 0.988567 0.1 -nan 0.989949 -0.96 -0.241661 0
32.356 0.937712 0.257774 0 -0.23403 0.0423085 0 -1 0 -0 0.1 0.972498 0.1 -nan 0.989949 -0.96 -0.241661 0
32.4521 0.910455 0.260508 0 -0.33429 0.0141849 0 -1 0 -0 0.1 0.946991 0.1 -nan 0.989949 -0.96 -0.241661 0
32.5452 0.874599 0.260452 0 -0.437484 -0.0159429 0 -1 0 -0 0.1 0.912556 0.1 -nan 0.989949 -0.96 -0.241661 0
32.6344 0.830858 0.257607 0 -0.544809 -0.0485602 0 -1 0 -0 0.1 0.869877 0.1 -nan 0.989949 -0.96 -0.241661 0
32.7189 0.780105 0.252029 0 -0.657644 -0.084278 0 -1 0 -0 0.1 0.819807 0.1 -nan 0.989949 -0.96 -0.241661 0
32.7982 0.723354 0.24383 0 -0.777628 -0.12388 0 -1 0 -0 0.1 0.763344 0.1 -nan 0.989949 -0.96 -0.241661 0
32.8715 0.661735 0.233172 0 -0.906759 -0.168392 0 -1 0 -0 0.1 0.701614 0.1 -nan 0.989949 -0.96 -0.241661 0
32.9384 0.59648 0.220269 0 -1.04754 -0.219187 0 -1 0 -0 0.1 0.635852 0.1 -nan 0.989949 -0.96 -0.241661 0
32.9986 0.528892 0.205376 0 -1.2032 -0.278144 0 -1 0 -0 0.1 0.567368 0.1 -nan 0.989949 -0.96 -0.241661 0
33.0519 0.460321 0.188792 0 -1.37797 -0.34791 0 -1 0 -0 0.1 0.497532 0.1 -nan 0.989949 -0.96 -0.241661 0
33.0982 0.392136 0.170848 0 -1.57761 -0.432328 0 -1 0 -0 0.1 0.427738 0.1 -nan 0.989949 -0.96 -0.241661 0
33.1376 0.325701 0.151901 0 -1.81012 -0.537179 0 -1 0 -0 0.1 0.359382 0.1 -nan 0.989949 -0.96 -0.241661 0
33.1703 0.262344 0.13233 0 -2.08703 -0.67155 0 -1 0 -0 0.1 0.293829 0.1 -nan 0.989949 -0.96 -0.241661 0
33.1966 0.203332 0.112526 0 -2.42546 -0.850466 0 -1 0 -0 0.1 0.232392 0.1 -nan 0.989949 -0.96 -0.241661 0
33.217 0.149846 0.0928835 0 -2.85191 -1.10043 0 -1 0 -0 0.1 0.176299 0.1 -nan 0.989949 -0.96 -0.241661 0
33.2321 0.10296 0.0737958 0 -3.409 -1.47213 0 -1 0 -0 0.1 0.126675 0.1 -nan 0.989949 -0.96 -0.241661 0
33.2426 0.0636127 0.0556438 0 -4.16727 -2.07322 0 -1 0 -0 0.1 0.0845152 0.1 -nan 0.989949 -0.96 -0.241661 0
33.2493 0.0325992 0.03879 0 -5.23893 -3.16628 0 -1 0 -0 0.1 0.0506693 0.1 -nan 0.989949 -0.96 -0.241661 0
33.2531 0.0105504 0.0235712 0 -6.71079 -5.51459 0 -1 0 -0 0.1 0.0258246 0.1 -nan 0.989949 -0.96 -0.241661 0
33.2548 -0.00207061 0.0102936 0 -7.38701 -11.5721 0 -1 0 0 0.1 0.0104998 0.1 -nan 0.989949 -0.96 -0.241661 0
33.2555 -0.00498112 -0.000749014 0 3.9036 -19.4888 0 -1 0 0 0.1 0.00503712 0.1 -nan 0.989949 -0.96 -0.241661 0
33.2561 0.00178392 -0.00929638 0 12.2374 -7.71544 0 -1 0 0 0.1 0.00946599 0.1 -nan 0.989949 -0.96 -0.241661 0
33.2577 0.0180078 -0.0152552 0 8.88044 -1.96987 0 -1 0 0 0.1 0.0236009 0.1 -nan 0.989949 -0.96 -0.241661 0
33.2612 0.0434051 -0.0185236 0 6.34173 -0.402533 0 -1 0 0 0.1 0.0471925 0.1 -nan 0.989949 -0.96 -0.241661 0
33.2674 0.0774918 -0.0190281 0 4.80127 0.111509 0 -1 -0 0 0.1 0.0797938 0.1 -nan 0.989949 -0.96 -0.241661 0
33.2774 0.119599 -0.0167526 0 3.8038 0.303317 0 -1 -0 0 0.1 0.120766 0.1 -nan 0.989949 -0.96 -0.241661 0
33.2918 0.168892 -0.011739 0 3.11 0.375932 0 -1 -0 0 0.1 0.169299 0.1 -nan 0.989949 -0.96 -0.241661 0
33.3114 0.224392 -0.00408479 0 2.59862 0.398344 0 -1 -0 0 0.1 0.224429 0.1 -nan 0.989949 -0.96 -0.241661 0
33.3368 0.284995 0.00605895 0 2.20406 0.397741 0 -1 0 0 0.1 0.28506 0.1 -nan 0.989949 -0.96 -0.241661 0
33.3685 0.349494 0.0184911 0 1.88827 0.386033 0 -1 0 0 0.1 0.349983 0.1 -nan 0.989949 -0.96 -0.241661 0
33.4068 0.416602 0.0329646 0 1.6278 0.368841 0 -1 0 0 0.1 0.417905 0.1 -nan 0.989949 -0.96 -0.241661 0
33.4521 0.484983 0.0491914 0 1.40749 0.348954 0 -1 0 0 0.1 0.487471 0.1 -nan 0.989949 -0.96 -0.241661 0
33.5043 0.55327 0.0668483 0 1.21709 0.327798 0 -1 0 0 0.1 0.557294 0.1 -nan 0.989949 -0.96 -0.241661 0
33.5634 0.620103 0.0855832 0 1.04942 0.306099 0 -1 0 0 0.1 0.625981 0.1 -nan 0.989949 -0.96 -0.241661 0
33.6293 0.684146 0.105023 0 0.899292 0.284217 0 -1 0 0 0.1 0.69216 0.1 -nan 0.989949 -0.96 -0.241661 0
33.7016 0.744121 0.124779 0 0.762838 0.262304 0 -1 0 0 0.1 0.75451 0.1 -nan 0.989949 -0.96 -0.241661 0
33.78 0.79883 0.144457 0 0.637111 0.240396 0 -1 0 0 0.1 0.811787 0.1 -nan 0.989949 -0.96 -0.241661 0
33.8637 0.847181 0.163666 0 0.519796 0.218457 0 -1 0 0 0.1 0.862846 0.1 -nan 0.989949 -0.96 -0.241661 0
33.9523 0.888208 0.18202 0 0.409031 0.196409 0 -1 0 0 0.1 0.906666 0.1 -nan 0.989949 -0.96 -0.241661 0
34.0448 0.921089 0.199155 0 0.303276 0.174141 0 -1 0 0 0.1 0.942373 0.1 -nan 0.989949 -0.96 -0.241661 0
34.1404 0.945167 0.214727 0 0.201223 0.151516 0 -1 0 0 0.1 0.969252 0.1 -nan 0.989949 -0.96 -0.241661 0
34.2383 0.959961 0.228425 0 0.10172 0.128375 0 -1 0 0 0.1 0.986764 0.1 -nan 0.989949 -0.96 -0.241661 0
34.3374 0.965173 0.239976 0 0.00372264 0.104534 0 -1 0 0 0.1 0.994559 0.1 -nan 0.989949 -0.96 -0.241661 0
34.4369 0.960698 0.249148 0 -0.0937521 0.0797772 0 -1 0 -0 0.1 0.99248 0.1 -nan 0.989949 -0.96 -0.241661 0
34.5356 0.946625 0.255759 0 -0.191668 0.0538536 0 -1 0 -0 0.1 0.980567 0.1 -nan 0.989949 -0.96 -0.241661 0
34.6327 0.923231 0.259675 0 -0.291006 0.0264645 0 -1 0 -0 0.1 0.959055 0.1 -nan 0.989949 -0.96 -0.241661 0
34.7271 0.890984 0.260819 0 -0.392804 -0.00275053 0 -1 0 -0 0.1 0.928375 0.1 -nan 0.989949 -0.96 -0.241661 0
34.8181 0.850526 0.259166 0 -0.498201 -0.0342338 0 -1 0 -0 0.1 0.889135 0.1 -nan 0.989949 -0.96 -0.241661 0
34.9047 0.802664 0.25475 0 -0.60849 -0.0685375 0 -1 0 -0 0.1 0.84212 0.1 -nan 0.989949 -0.96 -0.241661 0
34.9863 0.748352 0.247658 0 -0.725187 -0.106365 0 -1 0 -0 0.1 0.788267 0.1 -nan 0.989949 -0.96 -0.241661 0
35.0623 0.688675 0.238031 0 -0.850123 -0.148627 0 -1 0 -0 0.1 0.728651 0.1 -nan 0.989949 -0.96 -0.241661 0
35.132 0.624824 0.226061 0 -0.985563 -0.196531 0 -1 0 -0 0.1 0.664461 0.1 -nan 0.989949 -0.96 -0.241661 0
35.1951 0.558073 0.211987 0 -1.13439 -0.251717 0 -1 0 -0 0.1 0.596979 0.1 -nan 0.989949 -0.96 -0.241661 0
35.2514 0.489756 0.19609 0 -1.30036 -0.31646 0 -1 0 -0 0.1 0.527553 0.1 -nan 0.989949 -0.96 -0.241661 0
35.3007 0.421237 0.178686 0 -1.48851 -0.394022 0 -1 0 -0 0.1 0.457569 0.1 -nan 0.989949 -0.96 -0.241661 0
35.343 0.353887 0.160124 0 -1.70576 -0.489234 0 -1 0 -0 0.1 0.388427 0.1 -nan 0.989949 -0.96 -0.241661 0
35.3785 0.28905 0.140773 0 -1.96193 -0.609537 0 -1 0 -0 0.1 0.321508 0.1 -nan 0.989949 -0.96 -0.241661 0
35.4075 0.228025 0.121021 0 -2.27139 -0.766956 0 -1 0 -0 0.1 0.25815 0.1 -nan 0.989949 -0.96 -0.241661 0
35.4303 0.172032 0.101261 0 -2.65603 -0.982091 0 -1 0 -0 0.1 0.199621 0.1 -nan 0.989949 -0.96 -0.241661 0
35.4477 0.122192 0.0818876 0 -3.15043 -1.29289 0 -1 0 -0 0.1 0.147093 0.1 -nan 0.989949 -0.96 -0.241661 0
35.4601 0.0795061 0.0632887 0 -3.81135 -1.77616 0 -1 0 -0 0.1 0.10162 0.1 -nan 0.989949 -0.96 -0.241661 0
