0 0.3 0 0 1.07806 2.33333 0 -0.03 0 0 0.7 0.3 0.7 -nan 0.98519 0.633333 -0.754645 0
0.031761 0.329067 0.0737207 0 0.765763 2.29878 0 -0.03 0 0 0.7 0.337224 0.7 -nan 0.98519 0.633333 -0.754645 0
0.0677287 0.35161 0.154929 0 0.502037 2.21205 0 -0.03 0 0 0.7 0.38423 0.7 -nan 0.98519 0.633333 -0.754645 0
0.10888 0.367617 0.243577 0 0.289005 2.09564 0 -0.03 0 0 0.7 0.44099 0.7 -nan 0.98519 0.633333 -0.754645 0
0.156189 0.37708 0.339613 0 0.122024 1.96627 0 -0.03 0 0 0.7 0.50747 0.7 -nan 0.98519 0.633333 -0.754645 0
0.210626 0.379992 0.442982 0 -0.00623377 1.83488 0 -0.03 0 -0 0.7 0.583633 0.7 -nan 0.98519 0.633333 -0.754645 0
0.273156 0.376352 0.553623 0 -0.10337 1.7079 0 -0.03 0 -0 0.7 0.669432 0.7 -nan 0.98519 0.633333 -0.754645 0
0.344741 0.366163 0.671469 0 -0.176146 1.5887 0 -0.03 0 -0 0.7 0.764818 0.7 -nan 0.98519 0.633333 -0.754645 0
0.426337 0.349429 0.796453 0 -0.23014 1.47871 0 -0.03 0 -0 0.7 0.869734 0.7 -nan 0.98519 0.633333 -0.754645 0
0.518894 0.32616 0.928499 0 -0.269768 1.37822 0 -0.03 0 -0 0.7 0.984119 0.7 -nan 0.98519 0.633333 -0.754645 0
0.623355 0.296369 1.06753 0 -0.298445 1.28691 0 -0.03 0 -0 0.7 1.1079 0.7 -nan 0.98519 0.633333 -0.754645 0
0.740657 0.260075 1.21346 0 -0.318785 1.20414 0 -0.03 0 -0 0.7 1.24102 0.7 -nan 0.98519 0.633333 -0.754645 0
0.871729 0.217297 1.36621 0 -0.332774 1.12916 0 -0.03 0 -0 0.7 1.38338 0.7 -nan 0.98519 0.633333 -0.754645 0
1.01749 0.168062 1.52567 0 -0.341918 1.06118 0 -0.03 0 -0 0.7 1.5349 0.7 -nan 0.98519 0.633333 -0.754645 0
1.17886 0.112399 1.69177 0 -0.347365 0.999465 0 -0.03 0 -0 0.7 1.6955 0.7 -nan 0.98519 0.633333 -0.754645 0
1.35673 0.0503399 1.86439 0 -0.349987 0.94332 0 -0.03 0 -0 0.7 1.86507 0.7 -nan 0.98519 0.633333 -0.754645 0
1.55199 -0.0180776 2.04344 0 -0.350451 0.892124 0 -0.03 0 0 0.7 2.04352 0.7 -nan 0.98519 0.633333 -0.754645 -0
1.76554 -0.092813 2.22881 0 -0.34927 0.845324 0 -0.03 0 0 0.7 2.23074 0.7 -nan 0.98519 0.633333 -0.754645 -0
1.99824 -0.173822 2.42038 0 -0.346838 0.802432 0 -0.03 0 0 0.7 2.42662 0.7 -nan 0.98519 0.633333 -0.754645 -0
2.25095 -0.261055 2.61805 0 -0.343458 0.763017 0 -0.03 0 0 0.7 2.63103 0.7 -nan 0.98519 0.633333 -0.754645 -0
2.52452 -0.354462 2.82169 0 -0.339367 0.726704 0 -0.03 0 0 0.7 2.84387 0.7 -nan 0.98519 0.633333 -0.754645 -0
2.81978 -0.453985 3.03118 0 -0.334749 0.693162 0 -0.03 0 0 0.7 3.06499 0.7 -nan 0.98519 0.633333 -0.754645 -0
3.13756 -0.559566 3.2464 0 -0.329747 0.662104 0 -0.03 0 0 0.7 3.29427 0.7 -nan 0.98519 0.633333 -0.754645 -0
3.47867 -0.671142 3.46721 0 -0.324473 0.633275 0 -0.03 0 0 0.7 3.53157 0.7 -nan 0.98519 0.633333 -0.754645 -0
3.8439 -0.788645 3.69349 0 -0.319014 0.606453 0 -0.03 0 0 0.7 3.77675 0.7 -nan 0.98519 0.633333 -0.754645 -0
4.23403 -0.912006 3.9251 0 -0.313439 0.581443 0 -0.03 0 0 0.7 4.02966 0.7 -nan 0.98519 0.633333 -0.754645 -0
4.64982 -1.04115 4.1619 0 -0.307801 0.558071 0 -0.03 0 0 0.7 4.29015 0.7 -nan 0.98519 0.633333 -0.754645 -0
5.09204 -1.176 4.40375 0 -0.302141 0.536184 0 -0.03 0 0 0.7 4.55806 0.7 -nan 0.98519 0.633333 -0.754645 -0
5.56141 -1.31648 4.6505 0 -0.296493 0.515648 0 -0.03 0 0 0.7 4.83324 0.7 -nan 0.98519 0.633333 -0.754645 -0
6.05865 -1.46249 4.902 0 -0.290881 0.496342 0 -0.03 0 0 0.7 5.11552 0.7 -nan 0.98519 0.633333 -0.754645 -0
6.58446 -1.61396 5.15811 0 -0.285324 0.47816 0 -0.03 0 0 0.7 5.40472 0.7 -nan 0.98519 0.633333 -0.754645 -0
7.13952 -1.7708 5.41867 0 -0.279837 0.461006 0 -0.03 0 0 0.7 5.70068 0.7 -nan 0.98519 0.633333 -0.754645 -0
7.72451 -1.9329 5.68353 0 -0.274432 0.444794 0 -0.03 0 0 0.7 6.00322 0.7 -nan 0.98519 0.633333 -0.754645 -0
8.34007 -2.10018 5.95252 0 -0.269116 0.429448 0 -0.03 0 0 0.7 6.31215 0.7 -nan 0.98519 0.633333 -0.754645 -0
8.98684 -2.27252 6.22549 0 -0.263894 0.4149 0 -0.03 0 0 0.7 6.6273 0.7 -nan 0.98519 0.633333 -0.754645 -0
9.66542 -2.44984 6.50227 0 -0.258771 0.401087 0 -0.03 0 0 0.7 6.94847 0.7 -nan 0.98519 0.633333 -0.754645 -0
10.3764 -2.63202 6.78269 0 -0.253749 0.387954 0 -0.03 0 0 0.7 7.27547 0.7 -nan 0.98519 0.633333 -0.754645 -0
11.1204 -2.81895 7.0666 0 -0.248829 0.375449 0 -0.03 0 0 0.7 7.6081 0.7 -nan 0.98519 0.633333 -0.754645 -0
11.8979 -3.01052 7.3538 0 -0.244011 0.363528 0 -0.03 0 0 0.7 7.94617 0.7 -nan 0.98519 0.633333 -0.754645 -0
12.7094 -3.20662 7.64414 0 -0.239295 0.352148 0 -0.03 0 0 0.7 8.28947 0.7 -nan 0.98519 0.633333 -0.754645 -0
13.5556 -3.40712 7.93745 0 -0.234679 0.341272 0 -0.03 0 0 0.7 8.6378 0.7 -nan 0.98519 0.633333 -0.754645 -0
14.4368 -3.61191 8.23353 0 -0.230163 0.330864 0 -0.03 0 0 0.7 8.99094 0.7 -nan 0.98519 0.633333 -0.754645 -0
15.3536 -3.82087 8.53223 0 -0.225744 0.320895 0 -0.03 0 0 0.7 9.34869 0.7 -nan 0.98519 0.633333 -0.754645 -0
16.3063 -4.03387 8.83335 0 -0.22142 0.311334 0 -0.03 0 0 0.7 9.71083 0.7 -nan 0.98519 0.633333 -0.754645 -0
17.2955 -4.25078 9.13671 0 -0.217189 0.302155 0 -0.03 0 0 0.7 10.0771 0.7 -nan 0.98519 0.633333 -0.754645 -0
18.3215 -4.47148 9.44215 0 -0.213049 0.293335 0 -0.03 0 0 0.7 10.4474 0.7 -nan 0.98519 0.633333 -0.754645 -0
19.3847 -4.69582 9.74946 0 -0.208997 0.28485 0 -0.03 0 0 0.7 10.8214 0.7 -nan 0.98519 0.633333 -0.754645 -0
20.4855 -4.92368 10.0585 0 -0.20503 0.27668 0 -0.03 0 0 0.7 11.1989 0.7 -nan 0.98519 0.633333 -0.754645 -0
21.6243 -5.15492 10.369 0 -0.201145 0.268806 0 -0.03 0 0 0.7 11.5797 0.7 -nan 0.98519 0.633333 -0.754645 -0
22.8012 -5.3894 10.6808 0 -0.197341 0.261211 0 -0.03 0 0 0.7 11.9635 0.7 -nan 0.98519 0.633333 -0.754645 -0
24.0167 -5.62698 10.9938 0 -0.193615 0.253878 0 -0.03 0 0 0.7 12.3502 0.7 -nan 0.98519 0.633333 -0.754645 -0
25.2709 -5.86751 11.3078 0 -0.189963 0.246793 0 -0.03 0 0 0.7 12.7394 0.7 -nan 0.98519 0.633333 -0.754645 -0
26.5642 -6.11086 11.6225 0 -0.186384 0.239941 0 -0.03 0 0 0.7 13.1311 0.7 -nan 0.98519 0.633333 -0.754645 -0
27.8968 -6.35687 11.9378 0 -0.182875 0.23331 0 -0.03 0 0 0.7 13.5248 0.7 -nan 0.98519 0.633333 -0.754645 -0
29.2689 -6.60541 12.2534 0 -0.179434 0.226887 0 -0.03 0 0 0.7 13.9204 0.7 -nan 0.98519 0.633333 -0.754645 -0
30.6806 -6.85631 12.5693 0 -0.176058 0.220661 0 -0.03 0 0 0.7 14.3177 0.7 -nan 0.98519 0.633333 -0.754645 -0
32.1321 -7.10943 12.8851 0 -0.172745 0.214622 0 -0.03 0 0 0.7 14.7163 0.7 -nan 0.98519 0.633333 -0.754645 -0
33.6235 -7.36463 13.2008 0 -0.169493 0.20876 0 -0.03 0 0 0.7 15.1162 0.7 -nan 0.98519 0.633333 -0.754645 -0
35.1549 -7.62173 13.5161 0 -0.166299 0.203066 0 -0.03 0 0 0.7 15.517 0.7 -nan 0.98519 0.633333 -0.754645 -0
36.7265 -7.8806 13.8309 0 -0.163162 0.197532 0 -0.03 0 0 0.7 15.9184 0.7 -nan 0.98519 0.633333 -0.754645 -0
38.3382 -8.14107 14.1449 0 -0.160079 0.192149 0 -0.03 0 0 0.7 16.3204 0.7 -nan 0.98519 0.633333 -0.754645 -0
39.9902 -8.40299 14.4579 0 -0.157049 0.186909 0 -0.03 0 0 0.7 16.7225 0.7 -nan 0.98519 0.633333 -0.754645 -0
41.6823 -8.6662 14.7698 0 -0.154069 0.181807 0 -0.03 0 0 0.7 17.1246 0.7 -nan 0.98519 0.633333 -0.754645 -0
43.4147 -8.93055 15.0804 0 -0.151139 0.176835 0 -0.03 0 0 0.7 17.5264 0.7 -nan 0.98519 0.633333 -0.754645 -0
45.1872 -9.19587 15.3896 0 -0.148255 0.171988 0 -0.03 0 0 0.7 17.9277 0.7 -nan 0.98519 0.633333 -0.754645 -0
46.9998 -9.46201 15.697 0 -0.145416 0.167258 0 -0.03 0 0 0.7 18.3283 0.7 -nan 0.98519 0.633333 -0.754645 -0
48.8524 -9.72881 16.0025 0 -0.142621 0.162641 0 -0.03 0 0 0.7 18.7278 0.7 -nan 0.98519 0.633333 -0.754645 -0
50.7449 -9.9961 16.306 0 -0.139869 0.158132 0 -0.03 0 0 0.7 19.1261 0.7 -nan 0.98519 0.633333 -0.754645 -0
52.6772 -10.2637 16.6073 0 -0.137156 0.153726 0 -0.03 0 0 0.7 19.523 0.7 -nan 0.98519 0.633333 -0.754645 -0
54.649 -10.5315 16.9062 0 -0.134483 0.149417 0 -0.03 0 0 0.7 19.9181 0.7 -nan 0.98519 0.633333 -0.754645 -0
56.6603 -10.7993 17.2024 0 -0.131847 0.145202 0 -0.03 0 0 0.7 20.3113 0.7 -nan 0.98519 0.633333 -0.754645 -0
58.7108 -11.067 17.4959 0 -0.129248 0.141077 0 -0.03 0 0 0.7 20.7023 0.7 -nan 0.98519 0.633333 -0.754645 -0
60.8003 -11.3344 17.7864 0 -0.126683 0.137037 0 -0.03 0 0 0.7 21.0909 0.7 -nan 0.98519 0.633333 -0.754645 -0
62.9285 -11.6013 18.0738 0 -0.124152 0.133079 0 -0.03 0 0 0.7 21.4768 0.7 -nan 0.98519 0.633333 -0.754645 -0
65.0952 -11.8676 18.3579 0 -0.121653 0.1292 0 -0.03 0 0 0.7 21.8598 0.7 -nan 0.98519 0.633333 -0.754645 -0
67.3 -12.1331 18.6386 0 -0.119185 0.125395 0 -0.03 0 0 0.7 22.2398 0.7 -nan 0.98519 0.633333 -0.754645 -0
69.5427 -12.3976 18.9156 0 -0.116746 0.121663 0 -0.03 0 0 0.7 22.6164 0.7 -nan 0.98519 0.633333 -0.754645 -0
71.8228 -12.661 19.1888 0 -0.114337 0.117999 0 -0.03 0 0 0.7 22.9894 0.7 -nan 0.98519 0.633333 -0.754645 -0
74.14 -12.9232 19.458 0 -0.111955 0.114401 0 -0.03 0 0 0.7 23.3586 0.7 -nan 0.98519 0.633333 -0.754645 -0
76.494 -13.184 19.7231 0 -0.1096 0.110866 0 -0.03 0 0 0.7 23.7238 0.7 -nan 0.98519 0.633333 -0.754645 -0
78.8843 -13.4431 19.984 0 -0.10727 0.107392 0 -0.03 0 0 0.7 24.0848 0.7 -nan 0.98519 0.633333 -0.754645 -0
81.3105 -13.7006 20.2404 0 -0.104965 0.103976 0 -0.03 0 0 0.7 24.4413 0.7 -nan 0.98519 0.633333 -0.754645 -0
83.7721 -13.9561 20.4921 0 -0.102683 0.100615 0 -0.03 0 0 0.7 24.7932 0.7 -nan 0.98519 0.633333 -0.754645 -0
86.2686 -14.2097 20.7392 0 -0.100424 0.0973082 0 -0.03 0 0 0.7 25.1402 0.7 -nan 0.98519 0.633333 -0.754645 -0
88.7996 -14.461 20.9813 0 -0.0981869 0.0940524 0 -0.03 0 0 0.7 25.4821 0.7 -nan 0.98519 0.633333 -0.754645 -0
91.3645 -14.71 21.2184 0 -0.0959702 0.0908456 0 -0.03 0 0 0.7 25.8187 0.7 -nan 0.98519 0.633333 -0.754645 -0
93.9628 -14.9565 21.4504 0 -0.0937735 0.087686 0 -0.03 0 0 0.7 26.1498 0.7 -nan 0.98519 0.633333 -0.754645 -0
96.5939 -15.2003 21.677 0 -0.0915958 0.0845716 0 -0.03 0 0 0.7 26.4753 0.7 -nan 0.98519 0.633333 -0.754645 -0
99.2573 -15.4414 21.8981 0 -0.0894363 0.0815007 0 -0.03 0 0 0.7 26.7948 0.7 -nan 0.98519 0.633333 -0.754645 -0
101.952 -15.6796 22.1136 0 -0.0872943 0.0784714 0 -0.03 0 0 0.7 27.1083 0.7 -nan 0.98519 0.633333 -0.754645 -0
104.678 -15.9146 22.3235 0 -0.085169 0.075482 0 -0.03 0 0 0.7 27.4156 0.7 -nan 0.98519 0.633333 -0.754645 -0
107.435 -16.1465 22.5275 0 -0.0830595 0.072531 0 -0.03 0 0 0.7 27.7163 0.7 -nan 0.98519 0.633333 -0.754645 -0
110.221 -16.375 22.7255 0 -0.0809652 0.0696168 0 -0.03 0 0 0.7 28.0105 0.7 -nan 0.98519 0.633333 -0.754645 -0
113.037 -16.6 22.9174 0 -0.0788853 0.0667378 0 -0.03 0 0 0.7 28.2978 0.7 -nan 0.98519 0.633333 -0.754645 -0
115.88 -16.8214 23.1031 0 -0.0768192 0.0638927 0 -0.03 0 0 0.7 28.5782 0.7 -nan 0.98519 0.633333 -0.754645 -0
118.752 -17.039 23.2825 0 -0.074766 0.0610801 0 -0.03 0 0 0.7 28.8514 0.7 -nan 0.98519 0.633333 -0.754645 -0
121.65 -17.2527 23.4555 0 -0.0727252 0.0582985 0 -0.03 0 0 0.7 29.1173 0.7 -nan 0.98519 0.633333 -0.754645 -0
124.575 -17.4624 23.622 0 -0.0706961 0.0555467 0 -0.03 0 0 0.7 29.3757 0.7 -nan 0.98519 0.633333 -0.754645 -0
127.525 -17.668 23.7818 0 -0.0686779 0.0528235 0 -0.03 0 0 0.7 29.6266 0.7 -nan 0.98519 0.633333 -0.754645 -0
130.499 -17.8693 23.9349 0 -0.0666702 0.0501277 0 -0.03 0 0 0.7 29.8696 0.7 -nan 0.98519 0.633333 -0.754645 -0
133.498 -18.0662 24.0812 0 -0.0646722 0.0474579 0 -0.03 0 0 0.7 30.1047 0.7 -nan 0.98519 0.633333 -0.754645 -0
136.52 -18.2586 24.2206 0 -0.0626833 0.0448133 0 -0.03 0 0 0.7 30.3318 0.7 -nan 0.98519 0.633333 -0.754645 -0
139.564 -18.4464 24.3531 0 -0.0607029 0.0421925 0 -0.03 0 0 0.7 30.5507 0.7 -nan 0.98519 0.633333 -0.754645 -0
142.63 -18.6295 24.4784 0 -0.0587305 0.0395946 0 -0.03 0 0 0.7 30.7612 0.7 -nan 0.98519 0.633333 -0.754645 -0
145.716 -18.8077 24.5966 0 -0.0567653 0.0370186 0 -0.03 0 0 0.7 30.9633 0.7 -nan 0.98519 0.633333 -0.754645 -0
148.822 -18.981 24.7076 0 -0.0548069 0.0344634 0 -0.03 0 0 0.7 31.1568 0.7 -nan 0.98519 0.633333 -0.754645 -0
151.947 -19.1492 24.8113 0 -0.0528547 0.031928 0 -0.03 0 0 0.7 31.3416 0.7 -nan 0.98519 0.633333 -0.754645 -0
155.09 -19.3122 24.9077 0 -0.050908 0.0294115 0 -0.03 0 0 0.7 31.5176 0.7 -nan 0.98519 0.633333 -0.754645 -0
158.25 -19.47 24.9967 0 -0.0489663 0.0269129 0 -0.03 0 0 0.7 31.6847 0.7 -nan 0.98519 0.633333 -0.754645 -0
161.426 -19.6225 25.0782 0 -0.0470291 0.0244315 0 -0.03 0 0 0.7 31.8428 0.7 -nan 0.98519 0.633333 -0.754645 -0
164.618 -19.7695 25.1523 0 -0.0450957 0.0219662 0 -0.03 0 0 0.7 31.9917 0.7 -nan 0.98519 0.633333 -0.754645 -0
167.824 -19.911 25.2188 0 -0.0431657 0.0195162 0 -0.03 0 0 0.7 32.1315 0.7 -nan 0.98519 0.633333 -0.754645 -0
171.044 -20.0469 25.2777 0 -0.0412385 0.0170807 0 -0.03 0 0 0.7 32.262 0.7 -nan 0.98519 0.633333 -0.754645 -0
174.276 -20.1771 25.329 0 -0.0393136 0.0146589 0 -0.03 0 0 0.7 32.3832 0.7 -nan 0.98519 0.633333 -0.754645 -0
177.52 -20.3015 25.3726 0 -0.0373903 0.0122498 0 -0.03 0 0 0.7 32.4949 0.7 -nan 0.98519 0.633333 -0.754645 -0
180.774 -20.42 25.4086 0 -0.0354682 0.00985289 0 -0.03 0 0 0.7 32.5971 0.7 -nan 0.98519 0.633333 -0.754645 -0
184.039 -20.5327 25.4368 0 -0.0335467 0.0074672 0 -0.03 0 0 0.7 32.6898 0.7 -nan 0.98519 0.633333 -0.754645 -0
187.312 -20.6393 25.4574 0 -0.0316252 0.00509203 0 -0.03 0 0 0.7 32.7729 0.7 -nan 0.98519 0.633333 -0.754645 -0
190.593 -20.7399 25.4702 0 -0.0297033 0.00272661 0 -0.03 0 0 0.7 32.8463 0.7 -nan 0.98519 0.633333 -0.754645 -0
193.881 -20.8344 25.4753 0 -0.0277804 0.000370215 0 -0.03 0 0 0.7 32.91 0.7 -nan 0.98519 0.633333 -0.754645 -0
197.175 -20.9228 25.4727 0 -0.0258559 -0.00197789 0 -0.03 0 0 0.7 32.9639 0.7 -nan 0.98519 0.633333 -0.754645 0
200.473 -21.0049 25.4623 0 -0.0239292 -0.00431841 0 -0.03 0 0 0.7 33.0081 0.7 -nan 0.98519 0.633333 -0.754645 0
203.776 -21.0807 25.4441 0 -0.0219999 -0.00665208 0 -0.03 0 0 0.7 33.0424 0.7 -nan 0.98519 0.633333 -0.754645 0
207.081 -21.1503 25.4183 0 -0.0200674 -0.00897957 0 -0.03 0 0 0.7 33.067 0.7 -nan 0.98519 0.633333 -0.754645 0
210.389 -21.2134 25.3848 0 -0.0181311 -0.0113016 0 -0.03 0 0 0.7 33.0817 0.7 -nan 0.98519 0.633333 -0.754645 0
213.697 -21.2702 25.3435 0 -0.0161905 -0.0136188 0 -0.03 0 0 0.7 33.0865 0.7 -nan 0.98519 0.633333 -0.754645 0
217.006 -21.3206 25.2947 0 -0.014245 -0.015932 0 -0.03 0 0 0.7 33.0815 0.7 -nan 0.98519 0.633333 -0.754645 0
220.313 -21.3644 25.2381 0 -0.0122939 -0.0182417 0 -0.03 0 0 0.7 33.0667 0.7 -nan 0.98519 0.633333 -0.754645 0
223.619 -21.4019 25.174 0 -0.0103369 -0.0205487 0 -0.03 0 0 0.7 33.042 0.7 -nan 0.98519 0.633333 -0.754645 0
226.921 -21.4327 25.1024 0 -0.00837316 -0.0228535 0 -0.03 0 0 0.7 33.0074 0.7 -nan 0.98519 0.633333 -0.754645 0
230.22 -21.4571 25.0232 0 -0.0064022 -0.025157 0 -0.03 0 0 0.7 32.9631 0.7 -nan 0.98519 0.633333 -0.754645 0
233.514 -21.475 24.9365 0 -0.0044234 -0.0274597 0 -0.03 0 0 0.7 32.909 0.7 -nan 0.98519 0.633333 -0.754645 0
236.802 -21.4862 24.8425 0 -0.00243615 -0.0297623 0 -0.03 0 0 0.7 32.8452 0.7 -nan 0.98519 0.633333 -0.754645 0
240.083 -21.491 24.741 0 -0.000439813 -0.0320655 0 -0.03 0 0 0.7 32.7716 0.7 -nan 0.98519 0.633333 -0.754645 0
243.356 -21.4891 24.6323 0 0.00156623 -0.03437 0 -0.03 0 0 0.7 32.6884 0.7 -nan 0.98519 0.633333 -0.754645 0
246.62 -21.4807 24.5164 0 0.00358263 -0.0366763 0 -0.03 0 0 0.7 32.5956 0.7 -nan 0.98519 0.633333 -0.754645 0
249.875 -21.4658 24.3932 0 0.00561005 -0.0389852 0 -0.03 0 0 0.7 32.4932 0.7 -nan 0.98519 0.633333 -0.754645 0
253.118 -21.4443 24.263 0 0.00764915 -0.0412974 0 -0.03 0 0 0.7 32.3813 0.7 -nan 0.98519 0.633333 -0.754645 0
256.351 -21.4162 24.1258 0 0.00970062 -0.0436134 0 -0.03 0 0 0.7 32.26 0.7 -nan 0.98519 0.633333 -0.754645 0
259.57 -21.3817 23.9817 0 0.0117652 -0.0459341 0 -0.03 0 0 0.7 32.1294 0.7 -nan 0.98519 0.633333 -0.754645 0
262.776 -21.3406 23.8307 0 0.0138435 -0.04826 0 -0.03 0 0 0.7 31.9894 0.7 -nan 0.98519 0.633333 -0.754645 0
265.968 -21.2931 23.6729 0 0.0159364 -0.0505919 0 -0.03 0 0 0.7 31.8403 0.7 -nan 0.98519 0.633333 -0.754645 0
269.144 -21.2392 23.5085 0 0.0180445 -0.0529305 0 -0.03 0 0 0.7 31.682 0.7 -nan 0.98519 0.633333 -0.754645 0
272.304 -21.1788 23.3375 0 0.0201687 -0.0552764 0 -0.03 0 0 0.7 31.5148 0.7 -nan 0.98519 0.633333 -0.754645 0
275.447 -21.112 23.1601 0 0.0223097 -0.0576304 0 -0.03 0 0 0.7 31.3386 0.7 -nan 0.98519 0.633333 -0.754645 0
278.572 -21.039 22.9764 0 0.0244684 -0.0599932 0 -0.03 0 0 0.7 31.1537 0.7 -nan 0.98519 0.633333 -0.754645 0
281.678 -20.9596 22.7864 0 0.0266456 -0.0623655 0 -0.03 0 0 0.7 30.96 0.7 -nan 0.98519 0.633333 -0.754645 0
284.764 -20.874 22.5902 0 0.0288421 -0.0647481 0 -0.03 0 0 0.7 30.7578 0.7 -nan 0.98519 0.633333 -0.754645 0
287.829 -20.7822 22.3881 0 0.031059 -0.0671417 0 -0.03 0 0 0.7 30.5471 0.7 -nan 0.98519 0.633333 -0.754645 0
290.873 -20.6842 22.1801 0 0.0332969 -0.069547 0 -0.03 0 0 0.7 30.3281 0.7 -nan 0.98519 0.633333 -0.754645 0
293.895 -20.5802 21.9663 0 0.035557 -0.0719649 0 -0.03 0 0 0.7 30.1009 0.7 -nan 0.98519 0.633333 -0.754645 0
296.893 -20.4702 21.7468 0 0.0378402 -0.0743962 0 -0.03 0 0 0.7 29.8656 0.7 -nan 0.98519 0.633333 -0.754645 0
299.868 -20.3542 21.5219 0 0.0401475 -0.0768416 0 -0.03 0 0 0.7 29.6224 0.7 -nan 0.98519 0.633333 -0.754645 0
302.818 -20.2324 21.2916 0 0.04248 -0.079302 0 -0.03 0 0 0.7 29.3714 0.7 -nan 0.98519 0.633333 -0.754645 0
305.742 -20.1047 21.0561 0 0.0448387 -0.0817783 0 -0.03 0 0 0.7 29.1128 0.7 -nan 0.98519 0.633333 -0.754645 0
308.64 -19.9713 20.8155 0 0.0472247 -0.0842712 0 -0.03 0 0 0.7 28.8468 0.7 -nan 0.98519 0.633333 -0.754645 0
311.512 -19.8323 20.5699 0 0.0496393 -0.0867817 0 -0.03 0 0 0.7 28.5734 0.7 -nan 0.98519 0.633333 -0.754645 0
314.355 -19.6876 20.3196 0 0.0520836 -0.0893107 0 -0.03 0 0 0.7 28.2929 0.7 -nan 0.98519 0.633333 -0.754645 0
317.17 -19.5375 20.0646 0 0.0545589 -0.0918591 0 -0.03 0 0 0.7 28.0054 0.7 -nan 0.98519 0.633333 -0.754645 0
319.956 -19.3821 19.8051 0 0.0570664 -0.0944278 0 -0.03 0 0 0.7 27.7111 0.7 -nan 0.98519 0.633333 -0.754645 0
322.712 -19.2213 19.5413 0 0.0596076 -0.0970179 0 -0.03 0 0 0.7 27.4102 0.7 -nan 0.98519 0.633333 -0.754645 0
325.438 -19.0553 19.2733 0 0.0621839 -0.0996303 0 -0.03 0 0 0.7 27.1028 0.7 -nan 0.98519 0.633333 -0.754645 0
328.133 -18.8842 19.0012 0 0.0647966 -0.102266 0 -0.03 0 0 0.7 26.7892 0.7 -nan 0.98519 0.633333 -0.754645 0
330.796 -18.7082 18.7254 0 0.0674474 -0.104926 0 -0.03 0 0 0.7 26.4695 0.7 -nan 0.98519 0.633333 -0.754645 0
333.427 -18.5272 18.4458 0 0.0701378 -0.107612 0 -0.03 0 0 0.7 26.1439 0.7 -nan 0.98519 0.633333 -0.754645 0
336.025 -18.3414 18.1627 0 0.0728696 -0.110324 0 -0.03 0 0 0.7 25.8126 0.7 -nan 0.98519 0.633333 -0.754645 0
338.59 -18.151 17.8763 0 0.0756443 -0.113065 0 -0.03 0 0 0.7 25.4759 0.7 -nan 0.98519 0.633333 -0.754645 0
341.121 -17.956 17.5866 0 0.0784639 -0.115834 0 -0.03 0 0 0.7 25.1338 0.7 -nan 0.98519 0.633333 -0.754645 0
343.617 -17.7566 17.294 0 0.0813303 -0.118633 0 -0.03 0 0 0.7 24.7867 0.7 -nan 0.98519 0.633333 -0.754645 0
346.078 -17.5529 16.9985 0 0.0842453 -0.121464 0 -0.03 0 0 0.7 24.4347 0.7 -nan 0.98519 0.633333 -0.754645 0
348.504 -17.3449 16.7004 0 0.0872112 -0.124328 0 -0.03 0 0 0.7 24.078 0.7 -nan 0.98519 0.633333 -0.754645 0
350.894 -17.1329 16.3998 0 0.0902301 -0.127227 0 -0.03 0 0 0.7 23.7169 0.7 -nan 0.98519 0.633333 -0.754645 0
353.248 -16.9169 16.097 0 0.0933043 -0.13016 0 -0.03 0 0 0.7 23.3515 0.7 -nan 0.98519 0.633333 -0.754645 0
355.564 -16.6971 15.792 0 0.0964361 -0.133132 0 -0.03 0 0 0.7 22.9822 0.7 -nan 0.98519 0.633333 -0.754645 0
357.844 -16.4737 15.485 0 0.0996281 -0.136141 0 -0.03 0 0 0.7 22.609 0.7 -nan 0.98519 0.633333 -0.754645 0
360.087 -16.2467 15.1764 0 0.102883 -0.139191 0 -0.03 0 0 0.7 22.2323 0.7 -nan 0.98519 0.633333 -0.754645 0
362.291 -16.0162 14.8661 0 0.106204 -0.142283 0 -0.03 0 0 0.7 21.8523 0.7 -nan 0.98519 0.633333 -0.754645 0
364.457 -15.7825 14.5545 0 0.109593 -0.145419 0 -0.03 0 0 0.7 21.4691 0.7 -nan 0.98519 0.633333 -0.754645 0
366.585 -15.5456 14.2418 0 0.113053 -0.1486 0 -0.03 0 0 0.7 21.083 0.7 -nan 0.98519 0.633333 -0.754645 0
368.674 -15.3058 13.928 0 0.116589 -0.151828 0 -0.03 0 0 0.7 20.6943 0.7 -nan 0.98519 0.633333 -0.754645 0
370.724 -15.0631 13.6134 0 0.120203 -0.155106 0 -0.03 0 0 0.7 20.3032 0.7 -nan 0.98519 0.633333 -0.754645 0
372.735 -14.8177 13.2981 0 0.123899 -0.158434 0 -0.03 0 0 0.7 19.9099 0.7 -nan 0.98519 0.633333 -0.754645 0
374.707 -14.5697 12.9825 0 0.127681 -0.161816 0 -0.03 0 0 0.7 19.5147 0.7 -nan 0.98519 0.633333 -0.754645 0
376.638 -14.3194 12.6666 0 0.131553 -0.165254 0 -0.03 0 0 0.7 19.1177 0.7 -nan 0.98519 0.633333 -0.754645 0
378.53 -14.0667 12.3506 0 0.135519 -0.168749 0 -0.03 0 0 0.7 18.7193 0.7 -nan 0.98519 0.633333 -0.754645 0
380.383 -13.812 12.0348 0 0.139584 -0.172305 0 -0.03 0 0 0.7 18.3196 0.7 -nan 0.98519 0.633333 -0.754645 0
382.195 -13.5553 11.7193 0 0.143753 -0.175923 0 -0.03 0 0 0.7 17.9189 0.7 -nan 0.98519 0.633333 -0.754645 0
383.967 -13.2968 11.4043 0 0.148031 -0.179606 0 -0.03 0 0 0.7 17.5175 0.7 -nan 0.98519 0.633333 -0.754645 0
385.699 -13.0367 11.09 0 0.152422 -0.183357 0 -0.03 0 0 0.7 17.1156 0.7 -nan 0.98519 0.633333 -0.754645 0
387.39 -12.775 10.7767 0 0.156934 -0.187179 0 -0.03 0 0 0.7 16.7134 0.7 -nan 0.98519 0.633333 -0.754645 0
389.042 -12.5121 10.4643 0 0.161572 -0.191075 0 -0.03 0 0 0.7 16.3112 0.7 -nan 0.98519 0.633333 -0.754645 0
390.653 -12.2479 10.1533 0 0.166343 -0.195048 0 -0.03 0 0 0.7 15.9092 0.7 -nan 0.98519 0.633333 -0.754645 0
392.224 -11.9828 9.84372 0 0.171254 -0.1991 0 -0.03 0 0 0.7 15.5076 0.7 -nan 0.98519 0.633333 -0.754645 0
393.755 -11.7168 9.53578 0 0.176312 -0.203236 0 -0.03 0 0 0.7 15.1068 0.7 -nan 0.98519 0.633333 -0.754645 0
395.246 -11.4501 9.22966 0 0.181526 -0.20746 0 -0.03 0 0 0.7 14.7068 0.7 -nan 0.98519 0.633333 -0.754645 0
396.697 -11.1828 8.92554 0 0.186905 -0.211773 0 -0.03 0 0 0.7 14.3081 0.7 -nan 0.98519 0.633333 -0.754645 0
398.108 -10.9152 8.62362 0 0.192456 -0.216182 0 -0.03 0 0 0.7 13.9107 0.7 -nan 0.98519 0.633333 -0.754645 0
399.479 -10.6474 8.32407 0 0.198191 -0.220689 0 -0.03 0 0 0.7 13.515 0.7 -nan 0.98519 0.633333 -0.754645 0
400.811 -10.3795 8.02707 0 0.20412 -0.225299 0 -0.03 0 0 0.7 13.1212 0.7 -nan 0.98519 0.633333 -0.754645 0
402.104 -10.1117 7.7328 0 0.210254 -0.230017 0 -0.03 0 0 0.7 12.7296 0.7 -nan 0.98519 0.633333 -0.754645 0
403.358 -9.84415 7.44143 0 0.216606 -0.234846 0 -0.03 0 0 0.7 12.3403 0.7 -nan 0.98519 0.633333 -0.754645 0
404.572 -9.57705 7.15315 0 0.22319 -0.239793 0 -0.03 0 0 0.7 11.9536 0.7 -nan 0.98519 0.633333 -0.754645 0
405.749 -9.31053 6.86812 0 0.230018 -0.244862 0 -0.03 0 0 0.7 11.5697 0.7 -nan 0.98519 0.633333 -0.754645 0
406.887 -9.04477 6.58652 0 0.237108 -0.250058 0 -0.03 0 0 0.7 11.1888 0.7 -nan 0.98519 0.633333 -0.754645 0
407.987 -8.7799 6.30851 0 0.244476 -0.255388 0 -0.03 0 0 0.7 10.8113 0.7 -nan 0.98519 0.633333 -0.754645 0
409.05 -8.5161 6.03426 0 0.252141 -0.260857 0 -0.03 0 0 0.7 10.4373 0.7 -nan 0.98519 0.633333 -0.754645 0
410.075 -8.25353 5.76394 0 0.260121 -0.266471 0 -0.03 0 0 0.7 10.067 0.7 -nan 0.98519 0.633333 -0.754645 0
411.064 -7.99234 5.49771 0 0.268439 -0.272236 0 -0.03 0 0 0.7 9.70063 0.7 -nan 0.98519 0.633333 -0.754645 0
412.016 -7.73268 5.23572 0 0.277119 -0.27816 0 -0.03 0 0 0.7 9.33847 0.7 -nan 0.98519 0.633333 -0.754645 0
412.932 -7.47471 4.97814 0 0.286186 -0.284248 0 -0.03 0 0 0.7 8.98072 0.7 -nan 0.98519 0.633333 -0.754645 0
413.812 -7.2186 4.72512 0 0.295668 -0.290509 0 -0.03 0 0 0.7 8.62757 0.7 -nan 0.98519 0.633333 -0.754645 0
414.658 -6.96448 4.47681 0 0.305596 -0.296949 0 -0.03 0 0 0.7 8.27924 0.7 -nan 0.98519 0.633333 -0.754645 0
415.469 -6.71252 4.23337 0 0.316005 -0.303577 0 -0.03 0 0 0.7 7.93595 0.7 -nan 0.98519 0.633333 -0.754645 0
416.245 -6.46286 3.99493 0 0.32693 -0.310398 0 -0.03 0 0 0.7 7.5979 0.7 -nan 0.98519 0.633333 -0.754645 0
416.989 -6.21566 3.76163 0 0.338415 -0.317423 0 -0.03 0 0 0.7 7.26529 0.7 -nan 0.98519 0.633333 -0.754645 0
417.699 -5.97107 3.53363 0 0.350503 -0.324657 0 -0.03 0 0 0.7 6.93831 0.7 -nan 0.98519 0.633333 -0.754645 0
418.377 -5.72922 3.31106 0 0.363245 -0.332109 0 -0.03 0 0 0.7 6.61718 0.7 -nan 0.98519 0.633333 -0.754645 0
419.023 -5.49027 3.09405 0 0.376697 -0.339787 0 -0.03 0 0 0.7 6.30208 0.7 -nan 0.98519 0.633333 -0.754645 0
419.638 -5.25435 2.88272 0 0.390921 -0.347696 0 -0.03 0 0 0.7 5.99319 0.7 -nan 0.98519 0.633333 -0.754645 0
420.222 -5.02162 2.67722 0 0.405986 -0.355844 0 -0.03 0 0 0.7 5.69071 0.7 -nan 0.98519 0.633333 -0.754645 0
420.777 -4.79221 2.47766 0 0.421969 -0.364236 0 -0.03 0 0 0.7 5.39482 0.7 -nan 0.98519 0.633333 -0.754645 0
421.302 -4.56625 2.28416 0 0.438957 -0.372876 0 -0.03 0 0 0.7 5.10569 0.7 -nan 0.98519 0.633333 -0.754645 0
421.798 -4.34389 2.09683 0 0.457047 -0.381766 0 -0.03 0 0 0.7 4.82349 0.7 -nan 0.98519 0.633333 -0.754645 0
422.267 -4.12526 1.9158 0 0.476348 -0.390905 0 -0.03 0 0 0.7 4.54841 0.7 -nan 0.98519 0.633333 -0.754645 0
422.708 -3.91048 1.74116 0 0.496983 -0.40029 0 -0.03 0 0 0.7 4.2806 0.7 -nan 0.98519 0.633333 -0.754645 0
423.124 -3.69969 1.57303 0 0.519093 -0.409912 0 -0.03 0 0 0.7 4.02022 0.7 -nan 0.98519 0.633333 -0.754645 0
423.513 -3.49302 1.4115 0 0.542836 -0.419756 0 -0.03 0 0 0.7 3.76743 0.7 -nan 0.98519 0.633333 -0.754645 0
423.877 -3.29058 1.25668 0 0.568394 -0.429799 0 -0.03 0 0 0.7 3.52238 0.7 -nan 0.98519 0.633333 -0.754645 0
424.218 -3.0925 1.10865 0 0.595971 -0.440007 0 -0.03 0 0 0.7 3.28522 0.7 -nan 0.98519 0.633333 -0.754645 0
424.535 -2.8989 0.967499 0 0.625806 -0.450332 0 -0.03 0 0 0.7 3.05609 0.7 -nan 0.98519 0.633333 -0.754645 0
424.83 -2.70989 0.833322 0 0.658168 -0.460706 0 -0.03 0 0 0.7 2.83513 0.7 -nan 0.98519 0.633333 -0.754645 0
425.103 -2.5256 0.706193 0 0.69337 -0.471039 0 -0.03 0 0 0.7 2.62247 0.7 -nan 0.98519 0.633333 -0.754645 0
425.355 -2.34612 0.586191 0 0.731773 -0.481203 0 -0.03 0 0 0.7 2.41824 0.7 -nan 0.98519 0.633333 -0.754645 0
425.587 -2.17157 0.473388 0 0.77379 -0.49103 0 -0.03 0 0 0.7 2.22256 0.7 -nan 0.98519 0.633333 -0.754645 0
425.8 -2.00204 0.36785 0 0.819904 -0.50029 0 -0.03 0 0 0.7 2.03556 0.7 -nan 0.98519 0.633333 -0.754645 0
425.994 -1.83766 0.269643 0 0.870668 -0.508675 0 -0.03 0 0 0.7 1.85733 0.7 -nan 0.98519 0.633333 -0.754645 0
426.172 -1.6785 0.178825 0 0.926723 -0.51577 0 -0.03 0 0 0.7 1.688 0.7 -nan 0.98519 0.633333 -0.754645 0
426.332 -1.52467 0.0954515 0 0.988804 -0.521018 0 -0.03 0 0 0.7 1.52766 0.7 -nan 0.98519 0.633333 -0.754645 0
426.478 -1.37627 0.0195724 0 1.05775 -0.523665 0 -0.03 0 0 0.7 1.37641 0.7 -nan 0.98519 0.633333 -0.754645 0
426.608 -1.23337 -0.0487659 0 1.1345 -0.522694 0 -0.03 0 0 0.7 1.23433 0.7 -nan 0.98519 0.633333 -0.754645 0
426.725 -1.09607 -0.109522 0 1.2201 -0.516731 0 -0.03 0 0 0.7 1.10153 0.7 -nan 0.98519 0.633333 -0.754645 0
426.829 -0.964445 -0.162659 0 1.31565 -0.503915 0 -0.03 0 0 0.7 0.978065 0.7 -nan 0.98519 0.633333 -0.754645 0
426.921 -0.83858 -0.208144 0 1.42221 -0.481738 0 -0.03 0 0 0.7 0.864026 0.7 -nan 0.98519 0.633333 -0.754645 0
427.002 -0.718549 -0.24595 0 1.54069 -0.446826 0 -0.03 0 0 0.7 0.759476 0.7 -nan 0.98519 0.633333 -0.754645 0
427.073 -0.604426 -0.276053 0 1.67155 -0.394696 0 -0.03 0 0 0.7 0.664481 0.7 -nan 0.98519 0.633333 -0.754645 0
427.135 -0.496278 -0.298434 0 1.81427 -0.319502 0 -0.03 0 0 0.7 0.579098 0.7 -nan 0.98519 0.633333 -0.754645 0
427.189 -0.394173 -0.313079 0 1.96657 -0.213886 0 -0.03 0 0 0.7 0.50338 0.7 -nan 0.98519 0.633333 -0.754645 0
427.236 -0.298173 -0.31998 0 2.1232 -0.0691493 0 -0.03 0 0 0.7 0.437372 0.7 -nan 0.98519 0.633333 -0.754645 0
427.277 -0.208337 -0.319132 0 2.27429 0.123834 0 -0.03 -0 0 0.7 0.381116 0.7 -nan 0.98519 0.633333 -0.754645 0
427.313 -0.12472 -0.310536 0 2.40371 0.372343 0 -0.03 -0 0 0.7 0.334645 0.7 -nan 0.98519 0.633333 -0.754645 0
427.345 -0.0473751 -0.294199 0 2.48847 0.677644 0 -0.03 -0 0 0.7 0.297989 0.7 -nan 0.98519 0.633333 -0.754645 0
427.373 0.0236507 -0.270133 0 2.50119 1.02936 0 -0.03 -0 0 0.7 0.271167 0.7 -nan 0.98519 0.633333 -0.754645 0
427.399 0.0883141 -0.238358 0 2.41764 1.40109 0 -0.03 -0 0 0.7 0.254192 0.7 -nan 0.98519 0.633333 -0.754645 0
427.424 0.146577 -0.198896 0 2.22808 1.75227 0 -0.03 -0 0 0.7 0.247072 0.7 -nan 0.98519 0.633333 -0.754645 0
427.449 0.198408 -0.151776 0 1.94604 2.03941 0 -0.03 -0 0 0.7 0.249804 0.7 -nan 0.98519 0.633333 -0.754645 0
427.474 0.24378 -0.097032 0 1.60637 2.23206 0 -0.03 -0 0 0.7 0.262381 0.7 -nan 0.98519 0.633333 -0.754645 0
427.502 0.28267 -0.0346978 0 1.25212 2.32269 0 -0.03 -0 0 0.7 0.284791 0.7 -nan 0.98519 0.633333 -0.754645 0
427.532 0.315058 0.0351878 0 0.919498 2.32451 0 -0.03 0 0 0.7 0.317017 0.7 -nan 0.98519 0.633333 -0.754645 0
427.565 0.34093 0.112583 0 0.630108 2.26128 0 -0.03 0 0 0.7 0.359038 0.7 -nan 0.98519 0.633333 -0.754645 0
427.604 0.360271 0.197443 0 0.391494 2.15753 0 -0.03 0 0 0.7 0.410828 0.7 -nan 0.98519 0.633333 -0.754645 0
427.648 0.373072 0.289719 0 0.201852 2.03307 0 -0.03 0 0 0.7 0.472356 0.7 -nan 0.98519 0.633333 -0.754645 0
427.699 0.379325 0.389356 0 0.0548175 1.90165 0 -0.03 0 0 0.7 0.543586 0.7 -nan 0.98519 0.633333 -0.754645 0
427.757 0.379027 0.496296 0 -0.057277 1.77184 0 -0.03 0 -0 0.7 0.624477 0.7 -nan 0.98519 0.633333 -0.754645 0
427.824 0.372177 0.610476 0 -0.141702 1.64839 0 -0.03 0 -0 0.7 0.71498 0.7 -nan 0.98519 0.633333 -0.754645 0
427.9 0.35878 0.731829 0 -0.204652 1.53361 0 -0.03 0 -0 0.7 0.815044 0.7 -nan 0.98519 0.633333 -0.754645 0
427.987 0.338842 0.860283 0 -0.251121 1.42829 0 -0.03 0 -0 0.7 0.924609 0.7 -nan 0.98519 0.633333 -0.754645 0
428.085 0.312375 0.995762 0 -0.28501 1.33236 0 -0.03 0 -0 0.7 1.04361 0.7 -nan 0.98519 0.633333 -0.754645 0
428.196 0.279395 1.13818 0 -0.309319 1.24533 0 -0.03 0 -0 0.7 1.17197 0.7 -nan 0.98519 0.633333 -0.754645 0
428.32 0.239921 1.28747 0 -0.32633 1.16647 0 -0.03 0 -0 0.7 1.30963 0.7 -nan 0.98519 0.633333 -0.754645 0
428.458 0.193975 1.44352 0 -0.337781 1.09502 0 -0.03 0 -0 0.7 1.45649 0.7 -nan 0.98519 0.633333 -0.754645 0
428.611 0.141586 1.60625 0 -0.344989 1.0302 0 -0.03 0 -0 0.7 1.61247 0.7 -nan 0.98519 0.633333 -0.754645 0
428.781 0.0827843 1.77555 0 -0.348957 0.971296 0 -0.03 0 -0 0.7 1.77748 0.7 -nan 0.98519 0.633333 -0.754645 0
428.967 0.0176046 1.95134 0 -0.350449 0.91765 0 -0.03 0 -0 0.7 1.95142 0.7 -nan 0.98519 0.633333 -0.754645 0
429.171 -0.0539142 2.1335 0 -0.350051 0.868673 0 -0.03 0 0 0.7 2.13418 0.7 -nan 0.98519 0.633333 -0.754645 -0
429.394 -0.13173 2.32192 0 -0.348214 0.823845 0 -0.03 0 0 0.7 2.32565 0.7 -nan 0.98519 0.633333 -0.754645 -0
429.636 -0.215795 2.51649 0 -0.345284 0.782707 0 -0.03 0 0 0.7 2.52573 0.7 -nan 0.98519 0.633333 -0.754645 -0
429.899 -0.30606 2.7171 0 -0.34153 0.744856 0 -0.03 0 0 0.7 2.73428 0.7 -nan 0.98519 0.633333 -0.754645 -0
430.183 -0.402472 2.92362 0 -0.33716 0.709939 0 -0.03 0 0 0.7 2.9512 0.7 -nan 0.98519 0.633333 -0.754645 -0
430.489 -0.504971 3.13594 0 -0.332339 0.677649 0 -0.03 0 0 0.7 3.17633 0.7 -nan 0.98519 0.633333 -0.754645 -0
430.818 -0.613498 3.35391 0 -0.327191 0.647713 0 -0.03 0 0 0.7 3.40956 0.7 -nan 0.98519 0.633333 -0.754645 -0
431.171 -0.727987 3.57742 0 -0.321817 0.619893 0 -0.03 0 0 0.7 3.65074 0.7 -nan 0.98519 0.633333 -0.754645 -0
431.549 -0.84837 3.80633 0 -0.316293 0.593982 0 -0.03 0 0 0.7 3.89973 0.7 -nan 0.98519 0.633333 -0.754645 -0
431.951 -0.974574 4.0405 0 -0.310681 0.569795 0 -0.03 0 0 0.7 4.15637 0.7 -nan 0.98519 0.633333 -0.754645 -0
432.38 -1.10652 4.27979 0 -0.305028 0.547169 0 -0.03 0 0 0.7 4.42052 0.7 -nan 0.98519 0.633333 -0.754645 -0
432.835 -1.24414 4.52406 0 -0.29937 0.52596 0 -0.03 0 0 0.7 4.69201 0.7 -nan 0.98519 0.633333 -0.754645 -0
433.318 -1.38734 4.77316 0 -0.293737 0.506041 0 -0.03 0 0 0.7 4.97069 0.7 -nan 0.98519 0.633333 -0.754645 -0
433.829 -1.53604 5.02694 0 -0.28815 0.487298 0 -0.03 0 0 0.7 5.25638 0.7 -nan 0.98519 0.633333 -0.754645 -0
434.369 -1.69016 5.28525 0 -0.282626 0.469631 0 -0.03 0 0 0.7 5.54892 0.7 -nan 0.98519 0.633333 -0.754645 -0
434.939 -1.84958 5.54794 0 -0.277178 0.452948 0 -0.03 0 0 0.7 5.84813 0.7 -nan 0.98519 0.633333 -0.754645 -0
435.539 -2.01423 5.81484 0 -0.271815 0.43717 0 -0.03 0 0 0.7 6.15382 0.7 -nan 0.98519 0.633333 -0.754645 -0
436.17 -2.18401 6.0858 0 -0.266545 0.422223 0 -0.03 0 0 0.7 6.46582 0.7 -nan 0.98519 0.633333 -0.754645 -0
436.832 -2.3588 6.36066 0 -0.261371 0.408043 0 -0.03 0 0 0.7 6.78395 0.7 -nan 0.98519 0.633333 -0.754645 -0
437.526 -2.53851 6.63924 0 -0.256297 0.394569 0 -0.03 0 0 0.7 7.108 0.7 -nan 0.98519 0.633333 -0.754645 -0
438.253 -2.72303 6.92139 0 -0.251325 0.38175 0 -0.03 0 0 0.7 7.43778 0.7 -nan 0.98519 0.633333 -0.754645 -0
439.014 -2.91225 7.20694 0 -0.246455 0.369537 0 -0.03 0 0 0.7 7.7731 0.7 -nan 0.98519 0.633333 -0.754645 -0
439.808 -3.10606 7.4957 0 -0.241687 0.357886 0 -0.03 0 0 0.7 8.11376 0.7 -nan 0.98519 0.633333 -0.754645 -0
440.636 -3.30433 7.78751 0 -0.23702 0.346757 0 -0.03 0 0 0.7 8.45955 0.7 -nan 0.98519 0.633333 -0.754645 -0
441.5 -3.50695 8.0822 0 -0.232454 0.336115 0 -0.03 0 0 0.7 8.81026 0.7 -nan 0.98519 0.633333 -0.754645 -0
442.398 -3.7138 8.37959 0 -0.227985 0.325926 0 -0.03 0 0 0.7 9.16569 0.7 -nan 0.98519 0.633333 -0.754645 -0
443.333 -3.92475 8.67949 0 -0.223613 0.31616 0 -0.03 0 0 0.7 9.52561 0.7 -nan 0.98519 0.633333 -0.754645 -0
444.303 -4.13969 8.98174 0 -0.219335 0.30679 0 -0.03 0 0 0.7 9.88982 0.7 -nan 0.98519 0.633333 -0.754645 -0
445.31 -4.35847 9.28614 0 -0.215149 0.29779 0 -0.03 0 0 0.7 10.2581 0.7 -nan 0.98519 0.633333 -0.754645 -0
446.354 -4.58097 9.59252 0 -0.211052 0.289136 0 -0.03 0 0 0.7 10.6302 0.7 -nan 0.98519 0.633333 -0.754645 -0
447.436 -4.80705 9.90069 0 -0.207042 0.280808 0 -0.03 0 0 0.7 11.006 0.7 -nan 0.98519 0.633333 -0.754645 -0
448.555 -5.03658 10.2105 0 -0.203116 0.272786 0 -0.03 0 0 0.7 11.3851 0.7 -nan 0.98519 0.633333 -0.754645 -0
449.713 -5.26943 10.5217 0 -0.199271 0.26505 0 -0.03 0 0 0.7 11.7674 0.7 -nan 0.98519 0.633333 -0.754645 -0
450.909 -5.50544 10.8341 0 -0.195505 0.257586 0 -0.03 0 0 0.7 12.1527 0.7 -nan 0.98519 0.633333 -0.754645 -0
452.143 -5.74449 11.1476 0 -0.191816 0.250376 0 -0.03 0 0 0.7 12.5406 0.7 -nan 0.98519 0.633333 -0.754645 -0
453.416 -5.98642 11.4619 0 -0.1882 0.243407 0 -0.03 0 0 0.7 12.9311 0.7 -nan 0.98519 0.633333 -0.754645 -0
454.729 -6.23109 11.7769 0 -0.184656 0.236665 0 -0.03 0 0 0.7 13.3237 0.7 -nan 0.98519 0.633333 -0.754645 -0
456.081 -6.47836 12.0924 0 -0.181181 0.230137 0 -0.03 0 0 0.7 13.7184 0.7 -nan 0.98519 0.633333 -0.754645 -0
457.472 -6.72807 12.4082 0 -0.177772 0.223812 0 -0.03 0 0 0.7 14.1149 0.7 -nan 0.98519 0.633333 -0.754645 -0
458.903 -6.98008 12.7241 0 -0.174427 0.217679 0 -0.03 0 0 0.7 14.5129 0.7 -nan 0.98519 0.633333 -0.754645 -0
460.375 -7.23424 13.0399 0 -0.171144 0.211728 0 -0.03 0 0 0.7 14.9121 0.7 -nan 0.98519 0.633333 -0.754645 -0
461.886 -7.49039 13.3554 0 -0.16792 0.205949 0 -0.03 0 0 0.7 15.3125 0.7 -nan 0.98519 0.633333 -0.754645 -0
463.437 -7.74838 13.6704 0 -0.164755 0.200335 0 -0.03 0 0 0.7 15.7136 0.7 -nan 0.98519 0.633333 -0.754645 -0
465.028 -8.00805 13.9848 0 -0.161644 0.194875 0 -0.03 0 0 0.7 16.1153 0.7 -nan 0.98519 0.633333 -0.754645 -0
466.659 -8.26925 14.2984 0 -0.158588 0.189564 0 -0.03 0 0 0.7 16.5174 0.7 -nan 0.98519 0.633333 -0.754645 -0
468.331 -8.53182 14.6109 0 -0.155583 0.184392 0 -0.03 0 0 0.7 16.9195 0.7 -nan 0.98519 0.633333 -0.754645 -0
470.043 -8.79561 14.9222 0 -0.152627 0.179355 0 -0.03 0 0 0.7 17.3215 0.7 -nan 0.98519 0.633333 -0.754645 -0
471.795 -9.06046 15.2321 0 -0.14972 0.174445 0 -0.03 0 0 0.7 17.7231 0.7 -nan 0.98519 0.633333 -0.754645 -0
473.587 -9.3262 15.5404 0 -0.146858 0.169655 0 -0.03 0 0 0.7 18.1241 0.7 -nan 0.98519 0.633333 -0.754645 -0
475.419 -9.59268 15.847 0 -0.144041 0.164982 0 -0.03 0 0 0.7 18.5242 0.7 -nan 0.98519 0.633333 -0.754645 -0
477.291 -9.85974 16.1515 0 -0.141267 0.160418 0 -0.03 0 0 0.7 18.9232 0.7 -nan 0.98519 0.633333 -0.754645 -0
479.203 -10.1272 16.454 0 -0.138535 0.15596 0 -0.03 0 0 0.7 19.3208 0.7 -nan 0.98519 0.633333 -0.754645 -0
481.155 -10.3949 16.7541 0 -0.135841 0.151602 0 -0.03 0 0 0.7 19.7168 0.7 -nan 0.98519 0.633333 -0.754645 -0
483.146 -10.6628 17.0517 0 -0.133187 0.14734 0 -0.03 0 0 0.7 20.111 0.7 -nan 0.98519 0.633333 -0.754645 -0
485.177 -10.9305 17.3466 0 -0.130569 0.14317 0 -0.03 0 0 0.7 20.5032 0.7 -nan 0.98519 0.633333 -0.754645 -0
487.247 -11.1981 17.6386 0 -0.127986 0.139087 0 -0.03 0 0 0.7 20.893 0.7 -nan 0.98519 0.633333 -0.754645 -0
489.355 -11.4653 17.9277 0 -0.125438 0.135088 0 -0.03 0 0 0.7 21.2803 0.7 -nan 0.98519 0.633333 -0.754645 -0
491.502 -11.7319 18.2135 0 -0.122923 0.131169 0 -0.03 0 0 0.7 21.6649 0.7 -nan 0.98519 0.633333 -0.754645 -0
493.688 -11.9978 18.4959 0 -0.120439 0.127326 0 -0.03 0 0 0.7 22.0464 0.7 -nan 0.98519 0.633333 -0.754645 -0
495.911 -12.2628 18.7748 0 -0.117986 0.123558 0 -0.03 0 0 0.7 22.4247 0.7 -nan 0.98519 0.633333 -0.754645 -0
498.172 -12.5268 19.05 0 -0.115562 0.119859 0 -0.03 0 0 0.7 22.7996 0.7 -nan 0.98519 0.633333 -0.754645 -0
500.47 -12.7897 19.3212 0 -0.113166 0.116228 0 -0.03 0 0 0.7 23.1708 0.7 -nan 0.98519 0.633333 -0.754645 -0
502.806 -13.0512 19.5885 0 -0.110798 0.112661 0 -0.03 0 0 0.7 23.5381 0.7 -nan 0.98519 0.633333 -0.754645 -0
505.177 -13.3112 19.8515 0 -0.108455 0.109156 0 -0.03 0 0 0.7 23.9012 0.7 -nan 0.98519 0.633333 -0.754645 -0
507.585 -13.5695 20.1102 0 -0.106138 0.105711 0 -0.03 0 0 0.7 24.2601 0.7 -nan 0.98519 0.633333 -0.754645 -0
510.029 -13.8261 20.3643 0 -0.103844 0.102322 0 -0.03 0 0 0.7 24.6143 0.7 -nan 0.98519 0.633333 -0.754645 -0
512.508 -14.0806 20.6138 0 -0.101574 0.0989882 0 -0.03 0 0 0.7 24.9638 0.7 -nan 0.98519 0.633333 -0.754645 -0
515.021 -14.3331 20.8585 0 -0.0993252 0.0957065 0 -0.03 0 0 0.7 25.3084 0.7 -nan 0.98519 0.633333 -0.754645 -0
517.569 -14.5833 21.0982 0 -0.0970981 0.0924749 0 -0.03 0 0 0.7 25.6477 0.7 -nan 0.98519 0.633333 -0.754645 -0
520.15 -14.8311 21.3327 0 -0.0948913 0.0892915 0 -0.03 0 0 0.7 25.9817 0.7 -nan 0.98519 0.633333 -0.754645 -0
522.765 -15.0763 21.5621 0 -0.092704 0.0861543 0 -0.03 0 0 0.7 26.31 0.7 -nan 0.98519 0.633333 -0.754645 -0
525.412 -15.3188 21.786 0 -0.0905353 0.0830614 0 -0.03 0 0 0.7 26.6326 0.7 -nan 0.98519 0.633333 -0.754645 -0
528.091 -15.5585 22.0044 0 -0.0883845 0.0800111 0 -0.03 0 0 0.7 26.9492 0.7 -nan 0.98519 0.633333 -0.754645 -0
530.801 -15.7951 22.2172 0 -0.0862508 0.0770016 0 -0.03 0 0 0.7 27.2597 0.7 -nan 0.98519 0.633333 -0.754645 -0
533.542 -16.0286 22.4242 0 -0.0841333 0.0740312 0 -0.03 0 0 0.7 27.5638 0.7 -nan 0.98519 0.633333 -0.754645 -0
536.313 -16.2589 22.6252 0 -0.0820314 0.0710984 0 -0.03 0 0 0.7 27.8613 0.7 -nan 0.98519 0.633333 -0.754645 -0
539.114 -16.4857 22.8203 0 -0.0799442 0.0682017 0 -0.03 0 0 0.7 28.1521 0.7 -nan 0.98519 0.633333 -0.754645 -0
541.943 -16.7089 23.0092 0 -0.0778712 0.0653395 0 -0.03 0 0 0.7 28.4361 0.7 -nan 0.98519 0.633333 -0.754645 -0
544.801 -16.9285 23.1918 0 -0.0758115 0.0625104 0 -0.03 0 0 0.7 28.713 0.7 -nan 0.98519 0.633333 -0.754645 -0
547.685 -17.1442 23.3681 0 -0.0737644 0.0597132 0 -0.03 0 0 0.7 28.9826 0.7 -nan 0.98519 0.633333 -0.754645 -0
550.597 -17.356 23.5379 0 -0.0717294 0.0569464 0 -0.03 0 0 0.7 29.2449 0.7 -nan 0.98519 0.633333 -0.754645 -0
553.534 -17.5637 23.7011 0 -0.0697058 0.0542088 0 -0.03 0 0 0.7 29.4996 0.7 -nan 0.98519 0.633333 -0.754645 -0
556.496 -17.7672 23.8577 0 -0.0676928 0.0514991 0 -0.03 0 0 0.7 29.7466 0.7 -nan 0.98519 0.633333 -0.754645 -0
559.483 -17.9664 24.0075 0 -0.0656899 0.0488162 0 -0.03 0 0 0.7 29.9858 0.7 -nan 0.98519 0.633333 -0.754645 -0
562.493 -18.1611 24.1504 0 -0.0636965 0.0461589 0 -0.03 0 0 0.7 30.217 0.7 -nan 0.98519 0.633333 -0.754645 -0
565.525 -18.3513 24.2864 0 -0.0617118 0.0435261 0 -0.03 0 0 0.7 30.4401 0.7 -nan 0.98519 0.633333 -0.754645 -0
568.58 -18.5367 24.4154 0 -0.0597354 0.0409167 0 -0.03 0 0 0.7 30.6549 0.7 -nan 0.98519 0.633333 -0.754645 -0
571.656 -18.7174 24.5372 0 -0.0577666 0.0383296 0 -0.03 0 0 0.7 30.8613 0.7 -nan 0.98519 0.633333 -0.754645 -0
574.752 -18.8932 24.6519 0 -0.0558048 0.0357639 0 -0.03 0 0 0.7 31.0592 0.7 -nan 0.98519 0.633333 -0.754645 -0
577.867 -19.064 24.7594 0 -0.0538495 0.0332185 0 -0.03 0 0 0.7 31.2484 0.7 -nan 0.98519 0.633333 -0.754645 -0
581.001 -19.2297 24.8595 0 -0.0519 0.0306925 0 -0.03 0 0 0.7 31.4289 0.7 -nan 0.98519 0.633333 -0.754645 -0
584.153 -19.3902 24.9523 0 -0.0499559 0.0281849 0 -0.03 0 0 0.7 31.6006 0.7 -nan 0.98519 0.633333 -0.754645 -0
587.321 -19.5454 25.0376 0 -0.0480165 0.0256948 0 -0.03 0 0 0.7 31.7633 0.7 -nan 0.98519 0.633333 -0.754645 -0
590.505 -19.6952 25.1155 0 -0.0460812 0.0232214 0 -0.03 0 0 0.7 31.9169 0.7 -nan 0.98519 0.633333 -0.754645 -0
593.704 -19.8395 25.1858 0 -0.0441496 0.0207637 0 -0.03 0 0 0.7 32.0614 0.7 -nan 0.98519 0.633333 -0.754645 -0
596.917 -19.9783 25.2486 0 -0.042221 0.018321 0 -0.03 0 0 0.7 32.1966 0.7 -nan 0.98519 0.633333 -0.754645 -0
600.143 -20.1114 25.3038 0 -0.040295 0.0158922 0 -0.03 0 0 0.7 32.3226 0.7 -nan 0.98519 0.633333 -0.754645 -0
603.381 -20.2388 25.3513 0 -0.0383709 0.0134768 0 -0.03 0 0 0.7 32.4391 0.7 -nan 0.98519 0.633333 -0.754645 -0
606.63 -20.3603 25.3912 0 -0.0364483 0.0110738 0 -0.03 0 0 0.7 32.5462 0.7 -nan 0.98519 0.633333 -0.754645 -0
609.89 -20.476 25.4234 0 -0.0345265 0.00868244 0 -0.03 0 0 0.7 32.6438 0.7 -nan 0.98519 0.633333 -0.754645 -0
613.158 -20.5857 25.4479 0 -0.0326051 0.006302 0 -0.03 0 0 0.7 32.7317 0.7 -nan 0.98519 0.633333 -0.754645 -0
616.436 -20.6894 25.4646 0 -0.0306835 0.0039317 0 -0.03 0 0 0.7 32.81 0.7 -nan 0.98519 0.633333 -0.754645 -0
619.72 -20.787 25.4737 0 -0.0287612 0.0015708 0 -0.03 0 0 0.7 32.8787 0.7 -nan 0.98519 0.633333 -0.754645 -0
623.011 -20.8785 25.475 0 -0.0268375 -0.000781441 0 -0.03 0 0 0.7 32.9376 0.7 -nan 0.98519 0.633333 -0.754645 0
626.307 -20.9638 25.4685 0 -0.024912 -0.00312574 0 -0.03 0 0 0.7 32.9868 0.7 -nan 0.98519 0.633333 -0.754645 0
629.608 -21.0428 25.4544 0 -0.0229842 -0.00546282 0 -0.03 0 0 0.7 33.0261 0.7 -nan 0.98519 0.633333 -0.754645 0
632.912 -21.1156 25.4324 0 -0.0210534 -0.00779337 0 -0.03 0 0 0.7 33.0557 0.7 -nan 0.98519 0.633333 -0.754645 0
636.219 -21.182 25.4028 0 -0.0191191 -0.0101181 0 -0.03 0 0 0.7 33.0754 0.7 -nan 0.98519 0.633333 -0.754645 0
639.527 -21.2421 25.3655 0 -0.0171807 -0.0124377 0 -0.03 0 0 0.7 33.0853 0.7 -nan 0.98519 0.633333 -0.754645 0
642.835 -21.2957 25.3205 0 -0.0152378 -0.0147528 0 -0.03 0 0 0.7 33.0853 0.7 -nan 0.98519 0.633333 -0.754645 0
646.143 -21.3429 25.2679 0 -0.0132896 -0.0170642 0 -0.03 0 0 0.7 33.0755 0.7 -nan 0.98519 0.633333 -0.754645 0
649.45 -21.3836 25.2077 0 -0.0113357 -0.0193725 0 -0.03 0 0 0.7 33.0558 0.7 -nan 0.98519 0.633333 -0.754645 0
652.754 -21.4178 25.1399 0 -0.00937544 -0.0216784 0 -0.03 0 0 0.7 33.0263 0.7 -nan 0.98519 0.633333 -0.754645 0
656.055 -21.4455 25.0645 0 -0.00740825 -0.0239825 0 -0.03 0 0 0.7 32.9869 0.7 -nan 0.98519 0.633333 -0.754645 0
659.351 -21.4667 24.9816 0 -0.00543353 -0.0262855 0 -0.03 0 0 0.7 32.9378 0.7 -nan 0.98519 0.633333 -0.754645 0
662.642 -21.4813 24.8914 0 -0.00345066 -0.028588 0 -0.03 0 0 0.7 32.879 0.7 -nan 0.98519 0.633333 -0.754645 0
665.927 -21.4894 24.7937 0 -0.00145904 -0.0308909 0 -0.03 0 0 0.7 32.8104 0.7 -nan 0.98519 0.633333 -0.754645 0
669.204 -21.4909 24.6887 0 0.000541976 -0.0331946 0 -0.03 0 0 0.7 32.7321 0.7 -nan 0.98519 0.633333 -0.754645 0
672.473 -21.4858 24.5764 0 0.00255301 -0.0354999 0 -0.03 0 0 0.7 32.6441 0.7 -nan 0.98519 0.633333 -0.754645 0
675.733 -21.4742 24.4569 0 0.00457473 -0.0378074 0 -0.03 0 0 0.7 32.5466 0.7 -nan 0.98519 0.633333 -0.754645 0
678.982 -21.456 24.3303 0 0.00660778 -0.0401178 0 -0.03 0 0 0.7 32.4396 0.7 -nan 0.98519 0.633333 -0.754645 0
682.22 -21.4313 24.1967 0 0.00865286 -0.0424318 0 -0.03 0 0 0.7 32.3231 0.7 -nan 0.98519 0.633333 -0.754645 0
685.447 -21.4001 24.056 0 0.0107106 -0.04475 0 -0.03 0 0 0.7 32.1972 0.7 -nan 0.98519 0.633333 -0.754645 0
688.66 -21.3624 23.9085 0 0.0127819 -0.0470732 0 -0.03 0 0 0.7 32.0619 0.7 -nan 0.98519 0.633333 -0.754645 0
691.859 -21.3182 23.7542 0 0.0148672 -0.049402 0 -0.03 0 0 0.7 31.9175 0.7 -nan 0.98519 0.633333 -0.754645 0
695.043 -21.2675 23.5932 0 0.0169675 -0.051737 0 -0.03 0 0 0.7 31.7639 0.7 -nan 0.98519 0.633333 -0.754645 0
698.212 -21.2104 23.4255 0 0.0190834 -0.0540791 0 -0.03 0 0 0.7 31.6012 0.7 -nan 0.98519 0.633333 -0.754645 0
701.363 -21.1469 23.2514 0 0.0212157 -0.0564289 0 -0.03 0 0 0.7 31.4296 0.7 -nan 0.98519 0.633333 -0.754645 0
704.497 -21.077 23.0709 0 0.0233653 -0.0587871 0 -0.03 0 0 0.7 31.2491 0.7 -nan 0.98519 0.633333 -0.754645 0
707.613 -21.0009 22.884 0 0.0255329 -0.0611545 0 -0.03 0 0 0.7 31.0599 0.7 -nan 0.98519 0.633333 -0.754645 0
710.709 -20.9184 22.691 0 0.0277195 -0.0635317 0 -0.03 0 0 0.7 30.862 0.7 -nan 0.98519 0.633333 -0.754645 0
713.785 -20.8298 22.4919 0 0.0299259 -0.0659196 0 -0.03 0 0 0.7 30.6556 0.7 -nan 0.98519 0.633333 -0.754645 0
716.84 -20.735 22.2869 0 0.0321529 -0.0683189 0 -0.03 0 0 0.7 30.4408 0.7 -nan 0.98519 0.633333 -0.754645 0
719.873 -20.634 22.076 0 0.0344016 -0.0707303 0 -0.03 0 0 0.7 30.2178 0.7 -nan 0.98519 0.633333 -0.754645 0
722.884 -20.5271 21.8594 0 0.0366729 -0.0731546 0 -0.03 0 0 0.7 29.9866 0.7 -nan 0.98519 0.633333 -0.754645 0
725.871 -20.4141 21.6373 0 0.0389678 -0.0755927 0 -0.03 0 0 0.7 29.7474 0.7 -nan 0.98519 0.633333 -0.754645 0
728.833 -20.2952 21.4097 0 0.0412873 -0.0780454 0 -0.03 0 0 0.7 29.5004 0.7 -nan 0.98519 0.633333 -0.754645 0
731.771 -20.1705 21.1768 0 0.0436325 -0.0805135 0 -0.03 0 0 0.7 29.2457 0.7 -nan 0.98519 0.633333 -0.754645 0
734.682 -20.04 20.9388 0 0.0460044 -0.0829978 0 -0.03 0 0 0.7 28.9834 0.7 -nan 0.98519 0.633333 -0.754645 0
737.567 -19.9039 20.6958 0 0.0484043 -0.0854992 0 -0.03 0 0 0.7 28.7137 0.7 -nan 0.98519 0.633333 -0.754645 0
740.425 -19.7621 20.4478 0 0.0508333 -0.0880186 0 -0.03 0 0 0.7 28.4368 0.7 -nan 0.98519 0.633333 -0.754645 0
743.255 -19.6148 20.1952 0 0.0532926 -0.090557 0 -0.03 0 0 0.7 28.1529 0.7 -nan 0.98519 0.633333 -0.754645 0
746.056 -19.462 19.938 0 0.0557836 -0.0931152 0 -0.03 0 0 0.7 27.862 0.7 -nan 0.98519 0.633333 -0.754645 0
748.827 -19.3039 19.6763 0 0.0583074 -0.0956943 0 -0.03 0 0 0.7 27.5645 0.7 -nan 0.98519 0.633333 -0.754645 0
751.569 -19.1406 19.4104 0 0.0608656 -0.0982952 0 -0.03 0 0 0.7 27.2604 0.7 -nan 0.98519 0.633333 -0.754645 0
754.279 -18.9721 19.1405 0 0.0634596 -0.100919 0 -0.03 0 0 0.7 26.9499 0.7 -nan 0.98519 0.633333 -0.754645 0
756.959 -18.7986 18.8665 0 0.0660908 -0.103567 0 -0.03 0 0 0.7 26.6333 0.7 -nan 0.98519 0.633333 -0.754645 0
759.606 -18.6201 18.5888 0 0.0687608 -0.106239 0 -0.03 0 0 0.7 26.3107 0.7 -nan 0.98519 0.633333 -0.754645 0
762.221 -18.4368 18.3075 0 0.0714712 -0.108938 0 -0.03 0 0 0.7 25.9823 0.7 -nan 0.98519 0.633333 -0.754645 0
764.803 -18.2487 18.0227 0 0.0742238 -0.111664 0 -0.03 0 0 0.7 25.6483 0.7 -nan 0.98519 0.633333 -0.754645 0
767.351 -18.056 17.7347 0 0.0770203 -0.114418 0 -0.03 0 0 0.7 25.3089 0.7 -nan 0.98519 0.633333 -0.754645 0
769.865 -17.8588 17.4436 0 0.0798626 -0.117202 0 -0.03 0 0 0.7 24.9643 0.7 -nan 0.98519 0.633333 -0.754645 0
772.344 -17.6573 17.1496 0 0.0827525 -0.120017 0 -0.03 0 0 0.7 24.6148 0.7 -nan 0.98519 0.633333 -0.754645 0
774.788 -17.4515 16.8528 0 0.0856923 -0.122864 0 -0.03 0 0 0.7 24.2605 0.7 -nan 0.98519 0.633333 -0.754645 0
777.196 -17.2415 16.5534 0 0.0886838 -0.125744 0 -0.03 0 0 0.7 23.9016 0.7 -nan 0.98519 0.633333 -0.754645 0
779.568 -17.0275 16.2517 0 0.0917295 -0.12866 0 -0.03 0 0 0.7 23.5384 0.7 -nan 0.98519 0.633333 -0.754645 0
781.904 -16.8097 15.9478 0 0.0948316 -0.131612 0 -0.03 0 0 0.7 23.171 0.7 -nan 0.98519 0.633333 -0.754645 0
784.203 -16.5881 15.6418 0 0.0979926 -0.134601 0 -0.03 0 0 0.7 22.7998 0.7 -nan 0.98519 0.633333 -0.754645 0
786.464 -16.3629 15.334 0 0.101215 -0.137631 0 -0.03 0 0 0.7 22.4249 0.7 -nan 0.98519 0.633333 -0.754645 0
788.688 -16.1341 15.0245 0 0.104502 -0.140701 0 -0.03 0 0 0.7 22.0465 0.7 -nan 0.98519 0.633333 -0.754645 0
790.874 -15.9021 14.7136 0 0.107856 -0.143814 0 -0.03 0 0 0.7 21.6649 0.7 -nan 0.98519 0.633333 -0.754645 0
793.021 -15.6668 14.4014 0 0.111279 -0.146972 0 -0.03 0 0 0.7 21.2803 0.7 -nan 0.98519 0.633333 -0.754645 0
795.13 -15.4285 14.0881 0 0.114777 -0.150176 0 -0.03 0 0 0.7 20.8929 0.7 -nan 0.98519 0.633333 -0.754645 0
797.2 -15.1872 13.7739 0 0.11835 -0.153428 0 -0.03 0 0 0.7 20.503 0.7 -nan 0.98519 0.633333 -0.754645 0
799.231 -14.9432 13.459 0 0.122004 -0.15673 0 -0.03 0 0 0.7 20.1107 0.7 -nan 0.98519 0.633333 -0.754645 0
801.223 -14.6965 13.1435 0 0.125742 -0.160085 0 -0.03 0 0 0.7 19.7165 0.7 -nan 0.98519 0.633333 -0.754645 0
803.175 -14.4473 12.8277 0 0.129567 -0.163494 0 -0.03 0 0 0.7 19.3203 0.7 -nan 0.98519 0.633333 -0.754645 0
805.087 -14.1958 12.5117 0 0.133485 -0.166959 0 -0.03 0 0 0.7 18.9226 0.7 -nan 0.98519 0.633333 -0.754645 0
806.96 -13.9422 12.1958 0 0.137499 -0.170484 0 -0.03 0 0 0.7 18.5236 0.7 -nan 0.98519 0.633333 -0.754645 0
808.792 -13.6864 11.8801 0 0.141614 -0.17407 0 -0.03 0 0 0.7 18.1234 0.7 -nan 0.98519 0.633333 -0.754645 0
810.585 -13.4288 11.5649 0 0.145835 -0.177719 0 -0.03 0 0 0.7 17.7223 0.7 -nan 0.98519 0.633333 -0.754645 0
812.337 -13.1695 11.2502 0 0.150168 -0.181436 0 -0.03 0 0 0.7 17.3206 0.7 -nan 0.98519 0.633333 -0.754645 0
814.049 -12.9086 10.9363 0 0.154618 -0.185221 0 -0.03 0 0 0.7 16.9185 0.7 -nan 0.98519 0.633333 -0.754645 0
815.721 -12.6463 10.6235 0 0.159191 -0.189079 0 -0.03 0 0 0.7 16.5163 0.7 -nan 0.98519 0.633333 -0.754645 0
817.353 -12.3828 10.3118 0 0.163893 -0.193012 0 -0.03 0 0 0.7 16.1141 0.7 -nan 0.98519 0.633333 -0.754645 0
818.944 -12.1181 10.0014 0 0.168732 -0.197023 0 -0.03 0 0 0.7 15.7123 0.7 -nan 0.98519 0.633333 -0.754645 0
820.496 -11.8525 9.6926 0 0.173714 -0.201117 0 -0.03 0 0 0.7 15.3111 0.7 -nan 0.98519 0.633333 -0.754645 0
822.007 -11.5862 9.38553 0 0.178848 -0.205295 0 -0.03 0 0 0.7 14.9106 0.7 -nan 0.98519 0.633333 -0.754645 0
823.478 -11.3192 9.08037 0 0.184141 -0.209562 0 -0.03 0 0 0.7 14.5113 0.7 -nan 0.98519 0.633333 -0.754645 0
824.91 -11.0517 8.7773 0 0.189603 -0.213922 0 -0.03 0 0 0.7 14.1132 0.7 -nan 0.98519 0.633333 -0.754645 0
826.301 -10.784 8.47652 0 0.195243 -0.218378 0 -0.03 0 0 0.7 13.7166 0.7 -nan 0.98519 0.633333 -0.754645 0
827.654 -10.5161 8.17819 0 0.201071 -0.222935 0 -0.03 0 0 0.7 13.3218 0.7 -nan 0.98519 0.633333 -0.754645 0
828.966 -10.2482 7.88251 0 0.207099 -0.227597 0 -0.03 0 0 0.7 12.929 0.7 -nan 0.98519 0.633333 -0.754645 0
830.24 -9.98053 7.58964 0 0.213339 -0.232369 0 -0.03 0 0 0.7 12.5385 0.7 -nan 0.98519 0.633333 -0.754645 0
831.474 -9.71319 7.29977 0 0.219803 -0.237255 0 -0.03 0 0 0.7 12.1504 0.7 -nan 0.98519 0.633333 -0.754645 0
832.67 -9.44636 7.01306 0 0.226504 -0.242261 0 -0.03 0 0 0.7 11.7651 0.7 -nan 0.98519 0.633333 -0.754645 0
833.828 -9.18019 6.72969 0 0.233459 -0.247392 0 -0.03 0 0 0.7 11.3826 0.7 -nan 0.98519 0.633333 -0.754645 0
834.947 -8.91485 6.44982 0 0.240683 -0.252653 0 -0.03 0 0 0.7 11.0034 0.7 -nan 0.98519 0.633333 -0.754645 0
836.029 -8.65049 6.17364 0 0.248194 -0.25805 0 -0.03 0 0 0.7 10.6275 0.7 -nan 0.98519 0.633333 -0.754645 0
837.073 -8.38727 5.90129 0 0.256011 -0.263589 0 -0.03 0 0 0.7 10.2553 0.7 -nan 0.98519 0.633333 -0.754645 0
838.081 -8.12535 5.63296 0 0.264154 -0.269277 0 -0.03 0 0 0.7 9.88694 0.7 -nan 0.98519 0.633333 -0.754645 0
839.051 -7.86489 5.36879 0 0.272646 -0.275119 0 -0.03 0 0 0.7 9.52262 0.7 -nan 0.98519 0.633333 -0.754645 0
839.986 -7.60604 5.10894 0 0.281512 -0.281122 0 -0.03 0 0 0.7 9.1626 0.7 -nan 0.98519 0.633333 -0.754645 0
840.884 -7.34897 4.85357 0 0.290779 -0.287294 0 -0.03 0 0 0.7 8.80707 0.7 -nan 0.98519 0.633333 -0.754645 0
841.748 -7.09381 4.60284 0 0.300475 -0.293642 0 -0.03 0 0 0.7 8.45626 0.7 -nan 0.98519 0.633333 -0.754645 0
842.576 -6.84073 4.3569 0 0.310635 -0.300173 0 -0.03 0 0 0.7 8.11038 0.7 -nan 0.98519 0.633333 -0.754645 0
843.37 -6.58988 4.11589 0 0.321292 -0.306895 0 -0.03 0 0 0.7 7.76962 0.7 -nan 0.98519 0.633333 -0.754645 0
844.13 -6.34141 3.87995 0 0.332486 -0.313815 0 -0.03 0 0 0.7 7.43421 0.7 -nan 0.98519 0.633333 -0.754645 0
844.858 -6.09547 3.64924 0 0.34426 -0.320941 0 -0.03 0 0 0.7 7.10434 0.7 -nan 0.98519 0.633333 -0.754645 0
845.552 -5.8522 3.42388 0 0.356662 -0.328281 0 -0.03 0 0 0.7 6.7802 0.7 -nan 0.98519 0.633333 -0.754645 0
846.214 -5.61175 3.20401 0 0.369745 -0.335843 0 -0.03 0 0 0.7 6.462 0.7 -nan 0.98519 0.633333 -0.754645 0
846.845 -5.37427 2.98977 0 0.383567 -0.343633 0 -0.03 0 0 0.7 6.14992 0.7 -nan 0.98519 0.633333 -0.754645 0
847.445 -5.1399 2.78128 0 0.398194 -0.351659 0 -0.03 0 0 0.7 5.84415 0.7 -nan 0.98519 0.633333 -0.754645 0
848.014 -4.90878 2.57868 0 0.413699 -0.359926 0 -0.03 0 0 0.7 5.54488 0.7 -nan 0.98519 0.633333 -0.754645 0
848.554 -4.68104 2.38207 0 0.430163 -0.368439 0 -0.03 0 0 0.7 5.25228 0.7 -nan 0.98519 0.633333 -0.754645 0
849.065 -4.45683 2.19158 0 0.447678 -0.377201 0 -0.03 0 0 0.7 4.96652 0.7 -nan 0.98519 0.633333 -0.754645 0
849.548 -4.23628 2.00732 0 0.466346 -0.386214 0 -0.03 0 0 0.7 4.68779 0.7 -nan 0.98519 0.633333 -0.754645 0
850.003 -4.01952 1.82941 0 0.486285 -0.395474 0 -0.03 0 0 0.7 4.41625 0.7 -nan 0.98519 0.633333 -0.754645 0
850.432 -3.80668 1.65795 0 0.507624 -0.404977 0 -0.03 0 0 0.7 4.15206 0.7 -nan 0.98519 0.633333 -0.754645 0
850.834 -3.59789 1.49304 0 0.530513 -0.414709 0 -0.03 0 0 0.7 3.89538 0.7 -nan 0.98519 0.633333 -0.754645 0
851.211 -3.39328 1.33479 0 0.555122 -0.424654 0 -0.03 0 0 0.7 3.64637 0.7 -nan 0.98519 0.633333 -0.754645 0
851.564 -3.19296 1.18328 0 0.581641 -0.434783 0 -0.03 0 0 0.7 3.40517 0.7 -nan 0.98519 0.633333 -0.754645 0
851.893 -2.99706 1.03861 0 0.610293 -0.445055 0 -0.03 0 0 0.7 3.17192 0.7 -nan 0.98519 0.633333 -0.754645 0
852.199 -2.8057 0.900871 0 0.64133 -0.455415 0 -0.03 0 0 0.7 2.94678 0.7 -nan 0.98519 0.633333 -0.754645 0
852.483 -2.61899 0.770138 0 0.675043 -0.465782 0 -0.03 0 0 0.7 2.72987 0.7 -nan 0.98519 0.633333 -0.754645 0
852.745 -2.43704 0.646493 0 0.711765 -0.47605 0 -0.03 0 0 0.7 2.52133 0.7 -nan 0.98519 0.633333 -0.754645 0
852.987 -2.25996 0.530009 0 0.751883 -0.486073 0 -0.03 0 0 0.7 2.32128 0.7 -nan 0.98519 0.633333 -0.754645 0
853.21 -2.08786 0.420758 0 0.795843 -0.495655 0 -0.03 0 0 0.7 2.12983 0.7 -nan 0.98519 0.633333 -0.754645 0
853.414 -1.92084 0.318805 0 0.844161 -0.504531 0 -0.03 0 0 0.7 1.94712 0.7 -nan 0.98519 0.633333 -0.754645 0
853.6 -1.759 0.224212 0 0.897432 -0.512344 0 -0.03 0 0 0.7 1.77324 0.7 -nan 0.98519 0.633333 -0.754645 0
853.769 -1.60245 0.137035 0 0.956342 -0.518614 0 -0.03 0 0 0.7 1.6083 0.7 -nan 0.98519 0.633333 -0.754645 0
853.922 -1.45127 0.0573283 0 1.02168 -0.522696 0 -0.03 0 0 0.7 1.4524 0.7 -nan 0.98519 0.633333 -0.754645 0
854.06 -1.30555 -0.014861 0 1.09432 -0.523717 0 -0.03 0 0 0.7 1.30563 0.7 -nan 0.98519 0.633333 -0.754645 0
854.184 -1.16538 -0.0794886 0 1.17528 -0.520498 0 -0.03 0 0 0.7 1.16809 0.7 -nan 0.98519 0.633333 -0.754645 0
854.294 -1.03085 -0.136515 0 1.26561 -0.511445 0 -0.03 0 0 0.7 1.03985 0.7 -nan 0.98519 0.633333 -0.754645 0
854.392 -0.902042 -0.185907 0 1.36643 -0.494404 0 -0.03 0 0 0.7 0.921 0.7 -nan 0.98519 0.633333 -0.754645 0
854.479 -0.779027 -0.227632 0 1.47874 -0.46647 0 -0.03 0 0 0.7 0.811602 0.7 -nan 0.98519 0.633333 -0.754645 0
854.555 -0.661882 -0.261665 0 1.60328 -0.42376 0 -0.03 0 0 0.7 0.711727 0.7 -nan 0.98519 0.633333 -0.754645 0
854.621 -0.550678 -0.287986 0 1.74009 -0.36115 0 -0.03 0 0 0.7 0.621436 0.7 -nan 0.98519 0.633333 -0.754645 0
854.679 -0.445484 -0.306578 0 1.88794 -0.272061 0 -0.03 0 0 0.7 0.540782 0.7 -nan 0.98519 0.633333 -0.754645 0
854.73 -0.346363 -0.317429 0 2.04327 -0.148422 0 -0.03 0 0 0.7 0.469817 0.7 -nan 0.98519 0.633333 -0.754645 0
854.774 -0.253376 -0.320532 0 2.19877 0.0188582 0 -0.03 -0 0 0.7 0.408583 0.7 -nan 0.98519 0.633333 -0.754645 0
854.812 -0.166581 -0.315887 0 2.3417 0.238394 0 -0.03 -0 0 0.7 0.357119 0.7 -nan 0.98519 0.633333 -0.754645 0
854.846 -0.0860312 -0.303496 0 2.45248 0.51516 0 -0.03 -0 0 0.7 0.315454 0.7 -nan 0.98519 0.633333 -0.754645 0
854.875 -0.0117772 -0.28337 0 2.5054 0.84544 0 -0.03 -0 0 0.7 0.283615 0.7 -nan 0.98519 0.633333 -0.754645 0
854.903 0.0561358 -0.255524 0 2.47336 1.21129 0 -0.03 -0 0 0.7 0.261617 0.7 -nan 0.98519 0.633333 -0.754645 0
854.928 0.117667 -0.219978 0 2.33775 1.57857 0 -0.03 -0 0 0.7 0.249472 0.7 -nan 0.98519 0.633333 -0.754645 0
854.953 0.172782 -0.17676 0 2.09965 1.90335 0 -0.03 -0 0 0.7 0.24718 0.7 -nan 0.98519 0.633333 -0.754645 0
854.978 0.221451 -0.1259 0 1.78411 2.14666 0 -0.03 -0 0 0.7 0.254738 0.7 -nan 0.98519 0.633333 -0.754645 0
855.004 0.263649 -0.0674318 0 1.43205 2.28878 0 -0.03 -0 0 0.7 0.272135 0.7 -nan 0.98519 0.633333 -0.754645 0
855.033 0.299355 -0.00139213 0 1.08471 2.33332 0 -0.03 -0 0 0.7 0.299358 0.7 -nan 0.98519 0.633333 -0.754645 0
855.064 0.328552 0.072179 0 0.771533 2.30006 0 -0.03 0 0 0.7 0.336387 0.7 -nan 0.98519 0.633333 -0.754645 0
855.1 0.351225 0.153238 0 0.506788 2.21414 0 -0.03 0 0 0.7 0.383198 0.7 -nan 0.98519 0.633333 -0.754645 0
855.141 0.367362 0.241739 0 0.292777 2.09814 0 -0.03 0 0 0.7 0.439764 0.7 -nan 0.98519 0.633333 -0.754645 0
855.188 0.376955 0.337629 0 0.124947 1.9689 0 -0.03 0 0 0.7 0.506051 0.7 -nan 0.98519 0.633333 -0.754645 0
855.243 0.379998 0.440852 0 -0.00400697 1.83747 0 -0.03 0 -0 0.7 0.582021 0.7 -nan 0.98519 0.633333 -0.754645 0
855.305 0.376489 0.551348 0 -0.101693 1.71036 0 -0.03 0 -0 0.7 0.667629 0.7 -nan 0.98519 0.633333 -0.754645 0
855.376 0.36643 0.669052 0 -0.174896 1.59099 0 -0.03 0 -0 0.7 0.762825 0.7 -nan 0.98519 0.633333 -0.754645 0
855.458 0.349826 0.793894 0 -0.229218 1.48081 0 -0.03 0 -0 0.7 0.867552 0.7 -nan 0.98519 0.633333 -0.754645 0
855.55 0.326687 0.9258 0 -0.269095 1.38013 0 -0.03 0 -0 0.7 0.981749 0.7 -nan 0.98519 0.633333 -0.754645 0
855.654 0.297026 1.06469 0 -0.297963 1.28864 0 -0.03 0 -0 0.7 1.10535 0.7 -nan 0.98519 0.633333 -0.754645 0
855.771 0.260861 1.21049 0 -0.318448 1.20571 0 -0.03 0 -0 0.7 1.23828 0.7 -nan 0.98519 0.633333 -0.754645 0
855.902 0.218212 1.3631 0 -0.332546 1.13058 0 -0.03 0 -0 0.7 1.38045 0.7 -nan 0.98519 0.633333 -0.754645 0
856.048 0.169106 1.52243 0 -0.341775 1.06247 0 -0.03 0 -0 0.7 1.5318 0.7 -nan 0.98519 0.633333 -0.754645 0
856.209 0.11357 1.6884 0 -0.347286 1.00064 0 -0.03 0 -0 0.7 1.69221 0.7 -nan 0.98519 0.633333 -0.754645 0
856.386 0.0516382 1.86089 0 -0.349958 0.944388 0 -0.03 0 -0 0.7 1.86161 0.7 -nan 0.98519 0.633333 -0.754645 0
856.581 -0.016653 2.03981 0 -0.35046 0.893099 0 -0.03 0 0 0.7 2.03988 0.7 -nan 0.98519 0.633333 -0.754645 -0
856.794 -0.0912629 2.22506 0 -0.349307 0.846217 0 -0.03 0 0 0.7 2.22693 0.7 -nan 0.98519 0.633333 -0.754645 -0
857.027 -0.172147 2.41651 0 -0.346896 0.803251 0 -0.03 0 0 0.7 2.42263 0.7 -nan 0.98519 0.633333 -0.754645 -0
857.279 -0.259257 2.61405 0 -0.343533 0.76377 0 -0.03 0 0 0.7 2.62688 0.7 -nan 0.98519 0.633333 -0.754645 -0
857.552 -0.352541 2.81757 0 -0.339454 0.727399 0 -0.03 0 0 0.7 2.83954 0.7 -nan 0.98519 0.633333 -0.754645 -0
857.847 -0.451943 3.02695 0 -0.334846 0.693805 0 -0.03 0 0 0.7 3.0605 0.7 -nan 0.98519 0.633333 -0.754645 -0
858.164 -0.557405 3.24205 0 -0.32985 0.6627 0 -0.03 0 0 0.7 3.28962 0.7 -nan 0.98519 0.633333 -0.754645 -0
858.505 -0.668861 3.46276 0 -0.32458 0.633829 0 -0.03 0 0 0.7 3.52677 0.7 -nan 0.98519 0.633333 -0.754645 -0
858.87 -0.786247 3.68893 0 -0.319124 0.606969 0 -0.03 0 0 0.7 3.77179 0.7 -nan 0.98519 0.633333 -0.754645 -0
859.259 -0.909492 3.92043 0 -0.313551 0.581925 0 -0.03 0 0 0.7 4.02455 0.7 -nan 0.98519 0.633333 -0.754645 -0
859.675 -1.03852 4.15713 0 -0.307913 0.558521 0 -0.03 0 0 0.7 4.28489 0.7 -nan 0.98519 0.633333 -0.754645 -0
860.116 -1.17326 4.39888 0 -0.302254 0.536607 0 -0.03 0 0 0.7 4.55266 0.7 -nan 0.98519 0.633333 -0.754645 -0
860.585 -1.31362 4.64553 0 -0.296605 0.516045 0 -0.03 0 0 0.7 4.82769 0.7 -nan 0.98519 0.633333 -0.754645 -0
861.082 -1.45953 4.89695 0 -0.290992 0.496716 0 -0.03 0 0 0.7 5.10983 0.7 -nan 0.98519 0.633333 -0.754645 -0
861.607 -1.61089 5.15297 0 -0.285434 0.478512 0 -0.03 0 0 0.7 5.39889 0.7 -nan 0.98519 0.633333 -0.754645 -0
862.161 -1.76762 5.41344 0 -0.279946 0.461338 0 -0.03 0 0 0.7 5.69472 0.7 -nan 0.98519 0.633333 -0.754645 -0
862.746 -1.92962 5.67821 0 -0.274539 0.445108 0 -0.03 0 0 0.7 5.99713 0.7 -nan 0.98519 0.633333 -0.754645 -0
863.361 -2.0968 5.94713 0 -0.269221 0.429746 0 -0.03 0 0 0.7 6.30594 0.7 -nan 0.98519 0.633333 -0.754645 -0
864.007 -2.26904 6.22002 0 -0.263997 0.415182 0 -0.03 0 0 0.7 6.62096 0.7 -nan 0.98519 0.633333 -0.754645 -0
864.685 -2.44626 6.49672 0 -0.258872 0.401355 0 -0.03 0 0 0.7 6.94201 0.7 -nan 0.98519 0.633333 -0.754645 -0
865.395 -2.62834 6.77707 0 -0.253848 0.388209 0 -0.03 0 0 0.7 7.2689 0.7 -nan 0.98519 0.633333 -0.754645 -0
866.138 -2.81518 7.06091 0 -0.248926 0.375692 0 -0.03 0 0 0.7 7.60142 0.7 -nan 0.98519 0.633333 -0.754645 -0
866.915 -3.00666 7.34805 0 -0.244106 0.36376 0 -0.03 0 0 0.7 7.93938 0.7 -nan 0.98519 0.633333 -0.754645 -0
867.726 -3.20267 7.63833 0 -0.239388 0.352369 0 -0.03 0 0 0.7 8.28258 0.7 -nan 0.98519 0.633333 -0.754645 -0
868.572 -3.40308 7.93158 0 -0.23477 0.341483 0 -0.03 0 0 0.7 8.63081 0.7 -nan 0.98519 0.633333 -0.754645 -0
869.452 -3.60779 8.22761 0 -0.230252 0.331067 0 -0.03 0 0 0.7 8.98386 0.7 -nan 0.98519 0.633333 -0.754645 -0
870.368 -3.81667 8.52625 0 -0.225831 0.321089 0 -0.03 0 0 0.7 9.34152 0.7 -nan 0.98519 0.633333 -0.754645 -0
871.32 -4.02959 8.82732 0 -0.221505 0.311521 0 -0.03 0 0 0.7 9.70357 0.7 -nan 0.98519 0.633333 -0.754645 -0
872.309 -4.24643 9.13065 0 -0.217273 0.302335 0 -0.03 0 0 0.7 10.0698 0.7 -nan 0.98519 0.633333 -0.754645 -0
873.334 -4.46705 9.43604 0 -0.213131 0.293507 0 -0.03 0 0 0.7 10.44 0.7 -nan 0.98519 0.633333 -0.754645 -0
874.396 -4.69132 9.74332 0 -0.209076 0.285016 0 -0.03 0 0 0.7 10.8139 0.7 -nan 0.98519 0.633333 -0.754645 -0
875.496 -4.91911 10.0523 0 -0.205108 0.27684 0 -0.03 0 0 0.7 11.1914 0.7 -nan 0.98519 0.633333 -0.754645 -0
876.634 -5.15028 10.3628 0 -0.201222 0.26896 0 -0.03 0 0 0.7 11.5721 0.7 -nan 0.98519 0.633333 -0.754645 -0
877.811 -5.3847 10.6746 0 -0.197416 0.26136 0 -0.03 0 0 0.7 11.9559 0.7 -nan 0.98519 0.633333 -0.754645 -0
879.025 -5.62221 10.9876 0 -0.193688 0.254022 0 -0.03 0 0 0.7 12.3425 0.7 -nan 0.98519 0.633333 -0.754645 -0
880.279 -5.86269 11.3015 0 -0.190035 0.246932 0 -0.03 0 0 0.7 12.7317 0.7 -nan 0.98519 0.633333 -0.754645 -0
881.571 -6.10598 11.6162 0 -0.186455 0.240075 0 -0.03 0 0 0.7 13.1232 0.7 -nan 0.98519 0.633333 -0.754645 -0
882.903 -6.35195 11.9315 0 -0.182944 0.23344 0 -0.03 0 0 0.7 13.5169 0.7 -nan 0.98519 0.633333 -0.754645 -0
884.274 -6.60043 12.2471 0 -0.179502 0.227013 0 -0.03 0 0 0.7 13.9125 0.7 -nan 0.98519 0.633333 -0.754645 -0
885.685 -6.85129 12.563 0 -0.176125 0.220783 0 -0.03 0 0 0.7 14.3097 0.7 -nan 0.98519 0.633333 -0.754645 -0
887.136 -7.10437 12.8788 0 -0.17281 0.21474 0 -0.03 0 0 0.7 14.7084 0.7 -nan 0.98519 0.633333 -0.754645 -0
888.627 -7.35952 13.1945 0 -0.169557 0.208875 0 -0.03 0 0 0.7 15.1082 0.7 -nan 0.98519 0.633333 -0.754645 -0
890.157 -7.61659 13.5098 0 -0.166362 0.203178 0 -0.03 0 0 0.7 15.509 0.7 -nan 0.98519 0.633333 -0.754645 -0
891.728 -7.87542 13.8246 0 -0.163224 0.19764 0 -0.03 0 0 0.7 15.9104 0.7 -nan 0.98519 0.633333 -0.754645 -0
893.339 -8.13587 14.1386 0 -0.16014 0.192254 0 -0.03 0 0 0.7 16.3123 0.7 -nan 0.98519 0.633333 -0.754645 -0
894.99 -8.39776 14.4517 0 -0.157109 0.187012 0 -0.03 0 0 0.7 16.7145 0.7 -nan 0.98519 0.633333 -0.754645 -0
896.681 -8.66095 14.7636 0 -0.154128 0.181908 0 -0.03 0 0 0.7 17.1166 0.7 -nan 0.98519 0.633333 -0.754645 -0
898.413 -8.92527 15.0743 0 -0.151196 0.176933 0 -0.03 0 0 0.7 17.5184 0.7 -nan 0.98519 0.633333 -0.754645 -0
900.185 -9.19058 15.3834 0 -0.148312 0.172083 0 -0.03 0 0 0.7 17.9197 0.7 -nan 0.98519 0.633333 -0.754645 -0
901.997 -9.4567 15.6909 0 -0.145472 0.167351 0 -0.03 0 0 0.7 18.3203 0.7 -nan 0.98519 0.633333 -0.754645 -0
903.848 -9.72349 15.9965 0 -0.142677 0.162732 0 -0.03 0 0 0.7 18.7199 0.7 -nan 0.98519 0.633333 -0.754645 -0
905.74 -9.99077 16.3 0 -0.139923 0.158221 0 -0.03 0 0 0.7 19.1182 0.7 -nan 0.98519 0.633333 -0.754645 -0
907.672 -10.2584 16.6013 0 -0.13721 0.153812 0 -0.03 0 0 0.7 19.5151 0.7 -nan 0.98519 0.633333 -0.754645 -0
909.643 -10.5262 16.9002 0 -0.134536 0.149502 0 -0.03 0 0 0.7 19.9103 0.7 -nan 0.98519 0.633333 -0.754645 -0
911.653 -10.794 17.1965 0 -0.131899 0.145285 0 -0.03 0 0 0.7 20.3035 0.7 -nan 0.98519 0.633333 -0.754645 -0
913.703 -11.0617 17.4901 0 -0.129299 0.141158 0 -0.03 0 0 0.7 20.6945 0.7 -nan 0.98519 0.633333 -0.754645 -0
915.792 -11.3291 17.7807 0 -0.126734 0.137117 0 -0.03 0 0 0.7 21.0832 0.7 -nan 0.98519 0.633333 -0.754645 -0
917.919 -11.596 18.0681 0 -0.124202 0.133157 0 -0.03 0 0 0.7 21.4691 0.7 -nan 0.98519 0.633333 -0.754645 -0
920.085 -11.8623 18.3523 0 -0.121702 0.129276 0 -0.03 0 0 0.7 21.8522 0.7 -nan 0.98519 0.633333 -0.754645 -0
922.289 -12.1278 18.633 0 -0.119233 0.125471 0 -0.03 0 0 0.7 22.2322 0.7 -nan 0.98519 0.633333 -0.754645 -0
924.531 -12.3923 18.9101 0 -0.116795 0.121737 0 -0.03 0 0 0.7 22.6089 0.7 -nan 0.98519 0.633333 -0.754645 -0
926.81 -12.6558 19.1834 0 -0.114385 0.118071 0 -0.03 0 0 0.7 22.982 0.7 -nan 0.98519 0.633333 -0.754645 -0
929.127 -12.918 19.4527 0 -0.112002 0.114472 0 -0.03 0 0 0.7 23.3513 0.7 -nan 0.98519 0.633333 -0.754645 -0
931.48 -13.1788 19.7179 0 -0.109647 0.110936 0 -0.03 0 0 0.7 23.7166 0.7 -nan 0.98519 0.633333 -0.754645 -0
933.87 -13.438 19.9788 0 -0.107316 0.107461 0 -0.03 0 0 0.7 24.0776 0.7 -nan 0.98519 0.633333 -0.754645 -0
936.295 -13.6955 20.2353 0 -0.105011 0.104043 0 -0.03 0 0 0.7 24.4343 0.7 -nan 0.98519 0.633333 -0.754645 -0
938.756 -13.9511 20.4872 0 -0.102729 0.100682 0 -0.03 0 0 0.7 24.7862 0.7 -nan 0.98519 0.633333 -0.754645 -0
941.252 -14.2046 20.7343 0 -0.100469 0.0973736 0 -0.03 0 0 0.7 25.1333 0.7 -nan 0.98519 0.633333 -0.754645 -0
943.782 -14.456 20.9766 0 -0.0982312 0.0941167 0 -0.03 0 0 0.7 25.4753 0.7 -nan 0.98519 0.633333 -0.754645 -0
946.346 -14.7051 21.2138 0 -0.0960142 0.090909 0 -0.03 0 0 0.7 25.8121 0.7 -nan 0.98519 0.633333 -0.754645 -0
948.944 -14.9516 21.4458 0 -0.093817 0.0877485 0 -0.03 0 0 0.7 26.1433 0.7 -nan 0.98519 0.633333 -0.754645 -0
951.574 -15.1955 21.6725 0 -0.091639 0.0846332 0 -0.03 0 0 0.7 26.4689 0.7 -nan 0.98519 0.633333 -0.754645 -0
954.237 -15.4366 21.8937 0 -0.0894792 0.0815614 0 -0.03 0 0 0.7 26.7885 0.7 -nan 0.98519 0.633333 -0.754645 -0
956.932 -15.6748 22.1094 0 -0.0873368 0.0785313 0 -0.03 0 0 0.7 27.1021 0.7 -nan 0.98519 0.633333 -0.754645 -0
959.657 -15.91 22.3194 0 -0.0852111 0.0755412 0 -0.03 0 0 0.7 27.4095 0.7 -nan 0.98519 0.633333 -0.754645 -0
962.413 -16.1419 22.5235 0 -0.0831014 0.0725894 0 -0.03 0 0 0.7 27.7104 0.7 -nan 0.98519 0.633333 -0.754645 -0
965.199 -16.3704 22.7216 0 -0.0810068 0.0696745 0 -0.03 0 0 0.7 28.0047 0.7 -nan 0.98519 0.633333 -0.754645 -0
968.013 -16.5955 22.9136 0 -0.0789266 0.0667949 0 -0.03 0 0 0.7 28.2922 0.7 -nan 0.98519 0.633333 -0.754645 -0
970.857 -16.817 23.0995 0 -0.0768602 0.0639491 0 -0.03 0 0 0.7 28.5727 0.7 -nan 0.98519 0.633333 -0.754645 -0
973.727 -17.0347 23.279 0 -0.0748068 0.0611358 0 -0.03 0 0 0.7 28.846 0.7 -nan 0.98519 0.633333 -0.754645 -0
976.625 -17.2485 23.4521 0 -0.0727657 0.0583536 0 -0.03 0 0 0.7 29.1121 0.7 -nan 0.98519 0.633333 -0.754645 -0
979.549 -17.4583 23.6187 0 -0.0707364 0.0556013 0 -0.03 0 0 0.7 29.3707 0.7 -nan 0.98519 0.633333 -0.754645 -0
982.499 -17.664 23.7787 0 -0.068718 0.0528775 0 -0.03 0 0 0.7 29.6216 0.7 -nan 0.98519 0.633333 -0.754645 -0
985.473 -17.8653 23.9319 0 -0.0667101 0.0501811 0 -0.03 0 0 0.7 29.8648 0.7 -nan 0.98519 0.633333 -0.754645 -0
988.471 -18.0624 24.0784 0 -0.0647119 0.0475109 0 -0.03 0 0 0.7 30.1001 0.7 -nan 0.98519 0.633333 -0.754645 -0
991.493 -18.2549 24.2179 0 -0.0627228 0.0448657 0 -0.03 0 0 0.7 30.3273 0.7 -nan 0.98519 0.633333 -0.754645 -0
994.536 -18.4427 24.3505 0 -0.0607423 0.0422445 0 -0.03 0 0 0.7 30.5464 0.7 -nan 0.98519 0.633333 -0.754645 -0
997.601 -18.6259 24.476 0 -0.0587697 0.0396462 0 -0.03 0 0 0.7 30.7571 0.7 -nan 0.98519 0.633333 -0.754645 -0
1000.69 -18.8042 24.5943 0 -0.0568044 0.0370697 0 -0.03 0 0 0.7 30.9593 0.7 -nan 0.98519 0.633333 -0.754645 -0
1003.79 -18.9776 24.7055 0 -0.0548459 0.0345141 0 -0.03 0 0 0.7 31.153 0.7 -nan 0.98519 0.633333 -0.754645 -0
1006.92 -19.1459 24.8093 0 -0.0528935 0.0319783 0 -0.03 0 0 0.7 31.338 0.7 -nan 0.98519 0.633333 -0.754645 -0
1010.06 -19.309 24.9059 0 -0.0509467 0.0294614 0 -0.03 0 0 0.7 31.5142 0.7 -nan 0.98519 0.633333 -0.754645 -0
1013.22 -19.467 24.995 0 -0.0490049 0.0269625 0 -0.03 0 0 0.7 31.6814 0.7 -nan 0.98519 0.633333 -0.754645 -0
1016.4 -19.6195 25.0767 0 -0.0470676 0.0244807 0 -0.03 0 0 0.7 31.8397 0.7 -nan 0.98519 0.633333 -0.754645 -0
1019.59 -19.7666 25.1509 0 -0.0451342 0.0220151 0 -0.03 0 0 0.7 31.9889 0.7 -nan 0.98519 0.633333 -0.754645 -0
1022.79 -19.9082 25.2175 0 -0.0432042 0.0195649 0 -0.03 0 0 0.7 32.1288 0.7 -nan 0.98519 0.633333 -0.754645 -0
1026.01 -20.0442 25.2766 0 -0.0412769 0.0171291 0 -0.03 0 0 0.7 32.2595 0.7 -nan 0.98519 0.633333 -0.754645 -0
1029.24 -20.1745 25.328 0 -0.0393519 0.014707 0 -0.03 0 0 0.7 32.3809 0.7 -nan 0.98519 0.633333 -0.754645 -0
1032.49 -20.2991 25.3718 0 -0.0374286 0.0122977 0 -0.03 0 0 0.7 32.4928 0.7 -nan 0.98519 0.633333 -0.754645 -0
1035.74 -20.4177 25.4079 0 -0.0355065 0.00990052 0 -0.03 0 0 0.7 32.5952 0.7 -nan 0.98519 0.633333 -0.754645 -0
1039.01 -20.5305 25.4364 0 -0.033585 0.00751462 0 -0.03 0 0 0.7 32.6881 0.7 -nan 0.98519 0.633333 -0.754645 -0
1042.28 -20.6373 25.4571 0 -0.0316635 0.00513924 0 -0.03 0 0 0.7 32.7713 0.7 -nan 0.98519 0.633333 -0.754645 -0
1045.56 -20.738 25.47 0 -0.0297416 0.00277364 0 -0.03 0 0 0.7 32.8449 0.7 -nan 0.98519 0.633333 -0.754645 -0
1048.85 -20.8326 25.4753 0 -0.0278187 0.00041707 0 -0.03 0 0 0.7 32.9088 0.7 -nan 0.98519 0.633333 -0.754645 -0
1052.14 -20.9211 25.4728 0 -0.0258942 -0.00193119 0 -0.03 0 0 0.7 32.9629 0.7 -nan 0.98519 0.633333 -0.754645 0
1055.44 -21.0033 25.4625 0 -0.0239676 -0.00427186 0 -0.03 0 0 0.7 33.0073 0.7 -nan 0.98519 0.633333 -0.754645 0
1058.74 -21.0793 25.4446 0 -0.0220384 -0.00660565 0 -0.03 0 0 0.7 33.0418 0.7 -nan 0.98519 0.633333 -0.754645 0
1062.05 -21.1489 25.4189 0 -0.0201059 -0.00893327 0 -0.03 0 0 0.7 33.0666 0.7 -nan 0.98519 0.633333 -0.754645 0
1065.36 -21.2122 25.3855 0 -0.0181697 -0.0112554 0 -0.03 0 0 0.7 33.0815 0.7 -nan 0.98519 0.633333 -0.754645 0
1068.66 -21.2691 25.3444 0 -0.0162292 -0.0135727 0 -0.03 0 0 0.7 33.0865 0.7 -nan 0.98519 0.633333 -0.754645 0
1071.97 -21.3196 25.2957 0 -0.0142838 -0.0158859 0 -0.03 0 0 0.7 33.0817 0.7 -nan 0.98519 0.633333 -0.754645 0
1075.28 -21.3636 25.2393 0 -0.0123329 -0.0181957 0 -0.03 0 0 0.7 33.067 0.7 -nan 0.98519 0.633333 -0.754645 0
1078.59 -21.4012 25.1754 0 -0.0103759 -0.0205027 0 -0.03 0 0 0.7 33.0425 0.7 -nan 0.98519 0.633333 -0.754645 0
1081.89 -21.4322 25.1039 0 -0.00841234 -0.0228076 0 -0.03 0 0 0.7 33.0082 0.7 -nan 0.98519 0.633333 -0.754645 0
1085.19 -21.4567 25.0248 0 -0.00644153 -0.0251111 0 -0.03 0 0 0.7 32.9641 0.7 -nan 0.98519 0.633333 -0.754645 0
1088.48 -21.4747 24.9383 0 -0.0044629 -0.0274138 0 -0.03 0 0 0.7 32.9102 0.7 -nan 0.98519 0.633333 -0.754645 0
1091.77 -21.4861 24.8444 0 -0.00247582 -0.0297165 0 -0.03 0 0 0.7 32.8465 0.7 -nan 0.98519 0.633333 -0.754645 0
1095.05 -21.4909 24.7431 0 -0.000479672 -0.0320196 0 -0.03 0 0 0.7 32.7732 0.7 -nan 0.98519 0.633333 -0.754645 0
1098.32 -21.4892 24.6345 0 0.00152617 -0.034324 0 -0.03 0 0 0.7 32.6902 0.7 -nan 0.98519 0.633333 -0.754645 0
1101.59 -21.4809 24.5187 0 0.00354236 -0.0366303 0 -0.03 0 0 0.7 32.5975 0.7 -nan 0.98519 0.633333 -0.754645 0
1104.84 -21.4661 24.3958 0 0.00556955 -0.0389392 0 -0.03 0 0 0.7 32.4953 0.7 -nan 0.98519 0.633333 -0.754645 0
1108.09 -21.4448 24.2657 0 0.00760841 -0.0412513 0 -0.03 0 0 0.7 32.3837 0.7 -nan 0.98519 0.633333 -0.754645 0
1111.32 -21.4169 24.1286 0 0.00965963 -0.0435673 0 -0.03 0 0 0.7 32.2625 0.7 -nan 0.98519 0.633333 -0.754645 0
1114.54 -21.3824 23.9846 0 0.0117239 -0.0458878 0 -0.03 0 0 0.7 32.1321 0.7 -nan 0.98519 0.633333 -0.754645 0
1117.75 -21.3415 23.8337 0 0.013802 -0.0482136 0 -0.03 0 0 0.7 31.9923 0.7 -nan 0.98519 0.633333 -0.754645 0
1120.94 -21.2941 23.6761 0 0.0158945 -0.0505454 0 -0.03 0 0 0.7 31.8433 0.7 -nan 0.98519 0.633333 -0.754645 0
1124.11 -21.2403 23.5119 0 0.0180023 -0.0528838 0 -0.03 0 0 0.7 31.6853 0.7 -nan 0.98519 0.633333 -0.754645 0
1127.27 -21.1801 23.341 0 0.0201262 -0.0552296 0 -0.03 0 0 0.7 31.5182 0.7 -nan 0.98519 0.633333 -0.754645 0
1130.42 -21.1134 23.1637 0 0.0222669 -0.0575834 0 -0.03 0 0 0.7 31.3422 0.7 -nan 0.98519 0.633333 -0.754645 0
1133.54 -21.0405 22.9801 0 0.0244252 -0.059946 0 -0.03 0 0 0.7 31.1574 0.7 -nan 0.98519 0.633333 -0.754645 0
1136.65 -20.9612 22.7902 0 0.026602 -0.0623182 0 -0.03 0 0 0.7 30.964 0.7 -nan 0.98519 0.633333 -0.754645 0
1139.74 -20.8758 22.5942 0 0.0287982 -0.0647005 0 -0.03 0 0 0.7 30.7619 0.7 -nan 0.98519 0.633333 -0.754645 0
1142.8 -20.7841 22.3922 0 0.0310146 -0.0670939 0 -0.03 0 0 0.7 30.5514 0.7 -nan 0.98519 0.633333 -0.754645 0
1145.85 -20.6863 22.1843 0 0.0332521 -0.069499 0 -0.03 0 0 0.7 30.3325 0.7 -nan 0.98519 0.633333 -0.754645 0
1148.87 -20.5824 21.9706 0 0.0355118 -0.0719166 0 -0.03 0 0 0.7 30.1055 0.7 -nan 0.98519 0.633333 -0.754645 0
1151.87 -20.4725 21.7513 0 0.0377945 -0.0743476 0 -0.03 0 0 0.7 29.8704 0.7 -nan 0.98519 0.633333 -0.754645 0
1154.84 -20.3566 21.5264 0 0.0401013 -0.0767928 0 -0.03 0 0 0.7 29.6273 0.7 -nan 0.98519 0.633333 -0.754645 0
1157.79 -20.2348 21.2963 0 0.0424333 -0.0792529 0 -0.03 0 0 0.7 29.3765 0.7 -nan 0.98519 0.633333 -0.754645 0
1160.72 -20.1073 21.0608 0 0.0447914 -0.0817288 0 -0.03 0 0 0.7 29.1181 0.7 -nan 0.98519 0.633333 -0.754645 0
1163.62 -19.974 20.8203 0 0.0471769 -0.0842214 0 -0.03 0 0 0.7 28.8522 0.7 -nan 0.98519 0.633333 -0.754645 0
1166.49 -19.8351 20.5749 0 0.0495909 -0.0867315 0 -0.03 0 0 0.7 28.5789 0.7 -nan 0.98519 0.633333 -0.754645 0
1169.33 -19.6906 20.3246 0 0.0520346 -0.0892601 0 -0.03 0 0 0.7 28.2986 0.7 -nan 0.98519 0.633333 -0.754645 0
1172.15 -19.5406 20.0697 0 0.0545092 -0.0918081 0 -0.03 0 0 0.7 28.0112 0.7 -nan 0.98519 0.633333 -0.754645 0
1174.93 -19.3852 19.8103 0 0.0570162 -0.0943764 0 -0.03 0 0 0.7 27.717 0.7 -nan 0.98519 0.633333 -0.754645 0
1177.69 -19.2245 19.5466 0 0.0595567 -0.0969661 0 -0.03 0 0 0.7 27.4163 0.7 -nan 0.98519 0.633333 -0.754645 0
1180.42 -19.0587 19.2786 0 0.0621322 -0.099578 0 -0.03 0 0 0.7 27.109 0.7 -nan 0.98519 0.633333 -0.754645 0
1183.11 -18.8877 19.0067 0 0.0647442 -0.102213 0 -0.03 0 0 0.7 26.7955 0.7 -nan 0.98519 0.633333 -0.754645 0
1185.78 -18.7117 18.7309 0 0.0673942 -0.104873 0 -0.03 0 0 0.7 26.4759 0.7 -nan 0.98519 0.633333 -0.754645 0
1188.41 -18.5308 18.4514 0 0.0700838 -0.107558 0 -0.03 0 0 0.7 26.1504 0.7 -nan 0.98519 0.633333 -0.754645 0
1191.01 -18.3452 18.1684 0 0.0728147 -0.11027 0 -0.03 0 0 0.7 25.8193 0.7 -nan 0.98519 0.633333 -0.754645 0
1193.57 -18.1548 17.882 0 0.0755886 -0.11301 0 -0.03 0 0 0.7 25.4826 0.7 -nan 0.98519 0.633333 -0.754645 0
1196.1 -17.96 17.5924 0 0.0784073 -0.115778 0 -0.03 0 0 0.7 25.1407 0.7 -nan 0.98519 0.633333 -0.754645 0
1198.6 -17.7606 17.2999 0 0.0812727 -0.118577 0 -0.03 0 0 0.7 24.7936 0.7 -nan 0.98519 0.633333 -0.754645 0
1201.06 -17.557 17.0045 0 0.0841868 -0.121408 0 -0.03 0 0 0.7 24.4417 0.7 -nan 0.98519 0.633333 -0.754645 0
1203.49 -17.3491 16.7064 0 0.0871516 -0.124271 0 -0.03 0 0 0.7 24.0852 0.7 -nan 0.98519 0.633333 -0.754645 0
1205.88 -17.1372 16.4059 0 0.0901694 -0.127169 0 -0.03 0 0 0.7 23.7241 0.7 -nan 0.98519 0.633333 -0.754645 0
1208.23 -16.9213 16.103 0 0.0932425 -0.130102 0 -0.03 0 0 0.7 23.3589 0.7 -nan 0.98519 0.633333 -0.754645 0
1210.55 -16.7016 15.7981 0 0.0963731 -0.133072 0 -0.03 0 0 0.7 22.9896 0.7 -nan 0.98519 0.633333 -0.754645 0
1212.83 -16.4782 15.4912 0 0.099564 -0.136081 0 -0.03 0 0 0.7 22.6165 0.7 -nan 0.98519 0.633333 -0.754645 0
1215.08 -16.2512 15.1825 0 0.102818 -0.13913 0 -0.03 0 0 0.7 22.2399 0.7 -nan 0.98519 0.633333 -0.754645 0
1217.28 -16.0208 14.8723 0 0.106137 -0.142221 0 -0.03 0 0 0.7 21.8599 0.7 -nan 0.98519 0.633333 -0.754645 0
1219.45 -15.7872 14.5608 0 0.109524 -0.145356 0 -0.03 0 0 0.7 21.4768 0.7 -nan 0.98519 0.633333 -0.754645 0
1221.58 -15.5504 14.248 0 0.112984 -0.148536 0 -0.03 0 0 0.7 21.0908 0.7 -nan 0.98519 0.633333 -0.754645 0
1223.67 -15.3106 13.9342 0 0.116518 -0.151763 0 -0.03 0 0 0.7 20.7021 0.7 -nan 0.98519 0.633333 -0.754645 0
1225.72 -15.068 13.6196 0 0.120131 -0.15504 0 -0.03 0 0 0.7 20.311 0.7 -nan 0.98519 0.633333 -0.754645 0
1227.73 -14.8226 13.3044 0 0.123825 -0.158367 0 -0.03 0 0 0.7 19.9178 0.7 -nan 0.98519 0.633333 -0.754645 0
1229.7 -14.5747 12.9888 0 0.127605 -0.161748 0 -0.03 0 0 0.7 19.5226 0.7 -nan 0.98519 0.633333 -0.754645 0
1231.63 -14.3244 12.6729 0 0.131475 -0.165185 0 -0.03 0 0 0.7 19.1256 0.7 -nan 0.98519 0.633333 -0.754645 0
1233.53 -14.0718 12.3569 0 0.13544 -0.168679 0 -0.03 0 0 0.7 18.7272 0.7 -nan 0.98519 0.633333 -0.754645 0
1235.38 -13.8171 12.0411 0 0.139502 -0.172233 0 -0.03 0 0 0.7 18.3276 0.7 -nan 0.98519 0.633333 -0.754645 0
1237.19 -13.5604 11.7256 0 0.143669 -0.17585 0 -0.03 0 0 0.7 17.9269 0.7 -nan 0.98519 0.633333 -0.754645 0
