0 1 0 0 0.0888819 1.39 0 -0.03 0 0 1.39 1 1.39 -nan 0.940252 0.9321 -0.123546 0
0.100594 1.00393 0.139594 0 -0.0101995 1.38314 0 -0.03 0 -0 1.39 1.01359 1.39 -nan 0.940252 0.9321 -0.123546 0
0.203012 0.997933 0.280334 0 -0.105684 1.36319 0 -0.03 0 -0 1.39 1.03656 1.39 -nan 0.940252 0.9321 -0.123546 0
0.308191 0.982023 0.422134 0 -0.195234 1.33152 0 -0.03 0 -0 1.39 1.06891 1.39 -nan 0.940252 0.9321 -0.123546 0
0.417068 0.956208 0.564911 0 -0.277053 1.28998 0 -0.03 0 -0 1.39 1.11061 1.39 -nan 0.940252 0.9321 -0.123546 0
0.530578 0.920503 0.70858 0 -0.349954 1.24066 0 -0.03 0 -0 1.39 1.16164 1.39 -nan 0.940252 0.9321 -0.123546 0
0.649651 0.874931 0.853054 0 -0.413347 1.18568 0 -0.03 0 -0 1.39 1.22197 1.39 -nan 0.940252 0.9321 -0.123546 0
0.775215 0.819521 0.998248 0 -0.467164 1.12707 0 -0.03 0 -0 1.39 1.29155 1.39 -nan 0.940252 0.9321 -0.123546 0
0.908195 0.754304 1.14408 0 -0.511746 1.06658 0 -0.03 0 -0 1.39 1.37036 1.39 -nan 0.940252 0.9321 -0.123546 0
1.04951 0.679322 1.29045 0 -0.547722 1.0057 0 -0.03 0 -0 1.39 1.45833 1.39 -nan 0.940252 0.9321 -0.123546 0
1.20007 0.594619 1.43728 0 -0.575898 0.945602 0 -0.03 0 -0 1.39 1.55543 1.39 -nan 0.940252 0.9321 -0.123546 0
1.36079 0.500245 1.58449 0 -0.597164 0.88717 0 -0.03 0 -0 1.39 1.66158 1.39 -nan 0.940252 0.9321 -0.123546 0
1.53258 0.396258 1.73197 0 -0.612422 0.831027 0 -0.03 0 -0 1.39 1.77673 1.39 -nan 0.940252 0.9321 -0.123546 0
1.71632 0.282719 1.87966 0 -0.62254 0.77758 0 -0.03 0 -0 1.39 1.9008 1.39 -nan 0.940252 0.9321 -0.123546 0
1.9129 0.159696 2.02745 0 -0.628321 0.727068 0 -0.03 0 -0 1.39 2.03373 1.39 -nan 0.940252 0.9321 -0.123546 0
2.12322 0.0272637 2.17526 0 -0.630486 0.679592 0 -0.03 0 -0 1.39 2.17543 1.39 -nan 0.940252 0.9321 -0.123546 0
2.34813 -0.1145 2.323 0 -0.62967 0.635158 0 -0.03 0 0 1.39 2.32582 1.39 -nan 0.940252 0.9321 -0.123546 -0
2.58852 -0.26551 2.47059 0 -0.626424 0.593703 0 -0.03 0 0 1.39 2.48481 1.39 -nan 0.940252 0.9321 -0.123546 -0
2.84522 -0.425676 2.61792 0 -0.621217 0.555113 0 -0.03 0 0 1.39 2.65231 1.39 -nan 0.940252 0.9321 -0.123546 -0
3.11909 -0.594902 2.76493 0 -0.614447 0.519247 0 -0.03 0 0 1.39 2.8282 1.39 -nan 0.940252 0.9321 -0.123546 -0
3.41095 -0.773087 2.91151 0 -0.606448 0.485946 0 -0.03 0 0 1.39 3.0124 1.39 -nan 0.940252 0.9321 -0.123546 -0
3.72165 -0.960124 3.05758 0 -0.597498 0.455043 0 -0.03 0 0 1.39 3.20478 1.39 -nan 0.940252 0.9321 -0.123546 -0
4.05198 -1.1559 3.20305 0 -0.587827 0.426368 0 -0.03 0 0 1.39 3.40524 1.39 -nan 0.940252 0.9321 -0.123546 -0
4.40276 -1.3603 3.34784 0 -0.577624 0.399759 0 -0.03 0 0 1.39 3.61365 1.39 -nan 0.940252 0.9321 -0.123546 -0
4.77476 -1.5732 3.49186 0 -0.567045 0.375057 0 -0.03 0 0 1.39 3.82989 1.39 -nan 0.940252 0.9321 -0.123546 -0
5.16877 -1.79448 3.63502 0 -0.556217 0.352113 0 -0.03 0 0 1.39 4.05382 1.39 -nan 0.940252 0.9321 -0.123546 -0
5.58555 -2.02399 3.77723 0 -0.545243 0.330786 0 -0.03 0 0 1.39 4.28533 1.39 -nan 0.940252 0.9321 -0.123546 -0
6.02585 -2.26161 3.91841 0 -0.534205 0.310945 0 -0.03 0 0 1.39 4.52425 1.39 -nan 0.940252 0.9321 -0.123546 -0
6.4904 -2.50719 4.05848 0 -0.523171 0.292471 0 -0.03 0 0 1.39 4.77046 1.39 -nan 0.940252 0.9321 -0.123546 -0
6.97993 -2.76058 4.19736 0 -0.512192 0.275251 0 -0.03 0 0 1.39 5.02381 1.39 -nan 0.940252 0.9321 -0.123546 -0
7.49514 -3.02164 4.33495 0 -0.501313 0.259185 0 -0.03 0 0 1.39 5.28413 1.39 -nan 0.940252 0.9321 -0.123546 -0
8.03672 -3.2902 4.47118 0 -0.490564 0.244179 0 -0.03 0 0 1.39 5.55129 1.39 -nan 0.940252 0.9321 -0.123546 -0
8.60535 -3.5661 4.60596 0 -0.479972 0.230148 0 -0.03 0 0 1.39 5.82511 1.39 -nan 0.940252 0.9321 -0.123546 -0
9.20168 -3.84919 4.73921 0 -0.469555 0.217013 0 -0.03 0 0 1.39 6.10544 1.39 -nan 0.940252 0.9321 -0.123546 -0
9.82637 -4.13928 4.87086 0 -0.459329 0.204703 0 -0.03 0 0 1.39 6.3921 1.39 -nan 0.940252 0.9321 -0.123546 -0
10.48 -4.43621 5.00082 0 -0.449301 0.193155 0 -0.03 0 0 1.39 6.68492 1.39 -nan 0.940252 0.9321 -0.123546 -0
11.1633 -4.7398 5.12902 0 -0.439481 0.182309 0 -0.03 0 0 1.39 6.98374 1.39 -nan 0.940252 0.9321 -0.123546 -0
11.8767 -5.04986 5.25538 0 -0.42987 0.17211 0 -0.03 0 0 1.39 7.28836 1.39 -nan 0.940252 0.9321 -0.123546 -0
12.6208 -5.36621 5.37983 0 -0.420472 0.16251 0 -0.03 0 0 1.39 7.5986 1.39 -nan 0.940252 0.9321 -0.123546 -0
13.3962 -5.68867 5.50228 0 -0.411286 0.153465 0 -0.03 0 0 1.39 7.91429 1.39 -nan 0.940252 0.9321 -0.123546 -0
14.2035 -6.01702 5.62266 0 -0.402311 0.144932 0 -0.03 0 0 1.39 8.23523 1.39 -nan 0.940252 0.9321 -0.123546 -0
15.0431 -6.35109 5.74092 0 -0.393544 0.136875 0 -0.03 0 0 1.39 8.56122 1.39 -nan 0.940252 0.9321 -0.123546 -0
15.9156 -6.69067 5.85696 0 -0.384982 0.129259 0 -0.03 0 0 1.39 8.89208 1.39 -nan 0.940252 0.9321 -0.123546 -0
16.8214 -7.03556 5.97073 0 -0.376622 0.122053 0 -0.03 0 0 1.39 9.2276 1.39 -nan 0.940252 0.9321 -0.123546 -0
17.7609 -7.38554 6.08215 0 -0.368459 0.115228 0 -0.03 0 0 1.39 9.56758 1.39 -nan 0.940252 0.9321 -0.123546 -0
18.7347 -7.74041 6.19115 0 -0.360487 0.108758 0 -0.03 0 0 1.39 9.91183 1.39 -nan 0.940252 0.9321 -0.123546 -0
19.7431 -8.09996 6.29768 0 -0.352702 0.102619 0 -0.03 0 0 1.39 10.2601 1.39 -nan 0.940252 0.9321 -0.123546 -0
20.7865 -8.46397 6.40167 0 -0.345099 0.096788 0 -0.03 0 0 1.39 10.6123 1.39 -nan 0.940252 0.9321 -0.123546 -0
21.8653 -8.83222 6.50306 0 -0.337672 0.0912454 0 -0.03 0 0 1.39 10.968 1.39 -nan 0.940252 0.9321 -0.123546 -0
22.9799 -9.20449 6.60178 0 -0.330416 0.0859721 0 -0.03 0 0 1.39 11.3272 1.39 -nan 0.940252 0.9321 -0.123546 -0
24.1305 -9.58057 6.69777 0 -0.323325 0.0809508 0 -0.03 0 0 1.39 11.6896 1.39 -nan 0.940252 0.9321 -0.123546 -0
25.3175 -9.96021 6.79099 0 -0.316394 0.0761655 0 -0.03 0 0 1.39 12.055 1.39 -nan 0.940252 0.9321 -0.123546 -0
26.5412 -10.3432 6.88136 0 -0.309617 0.0716015 0 -0.03 0 0 1.39 12.4232 1.39 -nan 0.940252 0.9321 -0.123546 -0
27.8019 -10.7293 6.96884 0 -0.30299 0.0672451 0 -0.03 0 0 1.39 12.7939 1.39 -nan 0.940252 0.9321 -0.123546 -0
29.0997 -11.1183 7.05338 0 -0.296508 0.0630836 0 -0.03 0 0 1.39 13.1669 1.39 -nan 0.940252 0.9321 -0.123546 -0
30.4349 -11.5099 7.13493 0 -0.290164 0.0591055 0 -0.03 0 0 1.39 13.542 1.39 -nan 0.940252 0.9321 -0.123546 -0
31.8078 -11.904 7.21343 0 -0.283955 0.0552999 0 -0.03 0 0 1.39 13.919 1.39 -nan 0.940252 0.9321 -0.123546 -0
33.2184 -12.3002 7.28883 0 -0.277876 0.0516567 0 -0.03 0 0 1.39 14.2976 1.39 -nan 0.940252 0.9321 -0.123546 -0
34.667 -12.6984 7.36111 0 -0.271921 0.0481667 0 -0.03 0 0 1.39 14.6777 1.39 -nan 0.940252 0.9321 -0.123546 -0
36.1536 -13.0983 7.4302 0 -0.266087 0.0448211 0 -0.03 0 0 1.39 15.059 1.39 -nan 0.940252 0.9321 -0.123546 -0
37.6784 -13.4996 7.49607 0 -0.260369 0.0416119 0 -0.03 0 0 1.39 15.4412 1.39 -nan 0.940252 0.9321 -0.123546 -0
39.2415 -13.9022 7.55868 0 -0.254763 0.0385316 0 -0.03 0 0 1.39 15.8242 1.39 -nan 0.940252 0.9321 -0.123546 -0
40.8429 -14.3057 7.61799 0 -0.249265 0.0355732 0 -0.03 0 0 1.39 16.2076 1.39 -nan 0.940252 0.9321 -0.123546 -0
42.4826 -14.71 7.67396 0 -0.243872 0.0327302 0 -0.03 0 0 1.39 16.5914 1.39 -nan 0.940252 0.9321 -0.123546 -0
44.1608 -15.1148 7.72657 0 -0.238578 0.0299964 0 -0.03 0 0 1.39 16.9752 1.39 -nan 0.940252 0.9321 -0.123546 -0
45.8773 -15.5198 7.77578 0 -0.233381 0.0273662 0 -0.03 0 0 1.39 17.3588 1.39 -nan 0.940252 0.9321 -0.123546 -0
47.6321 -15.9248 7.82156 0 -0.228277 0.0248342 0 -0.03 0 0 1.39 17.742 1.39 -nan 0.940252 0.9321 -0.123546 -0
49.4253 -16.3297 7.86388 0 -0.223263 0.0223955 0 -0.03 0 0 1.39 18.1245 1.39 -nan 0.940252 0.9321 -0.123546 -0
51.2566 -16.734 7.90272 0 -0.218335 0.0200455 0 -0.03 0 0 1.39 18.5062 1.39 -nan 0.940252 0.9321 -0.123546 -0
53.1261 -17.1376 7.93806 0 -0.21349 0.0177796 0 -0.03 0 0 1.39 18.8868 1.39 -nan 0.940252 0.9321 -0.123546 -0
55.0336 -17.5402 7.96987 0 -0.208726 0.0155939 0 -0.03 0 0 1.39 19.266 1.39 -nan 0.940252 0.9321 -0.123546 -0
56.9789 -17.9417 7.99814 0 -0.204039 0.0134844 0 -0.03 0 0 1.39 19.6437 1.39 -nan 0.940252 0.9321 -0.123546 -0
58.9619 -18.3417 8.02284 0 -0.199427 0.0114476 0 -0.03 0 0 1.39 20.0196 1.39 -nan 0.940252 0.9321 -0.123546 -0
60.9823 -18.74 8.04396 0 -0.194886 0.00948013 0 -0.03 0 0 1.39 20.3935 1.39 -nan 0.940252 0.9321 -0.123546 -0
63.0401 -19.1364 8.0615 0 -0.190415 0.00757869 0 -0.03 0 0 1.39 20.7651 1.39 -nan 0.940252 0.9321 -0.123546 -0
65.1349 -19.5307 8.07543 0 -0.18601 0.00574031 0 -0.03 0 0 1.39 21.1343 1.39 -nan 0.940252 0.9321 -0.123546 -0
67.2665 -19.9225 8.08576 0 -0.18167 0.00396217 0 -0.03 0 0 1.39 21.5009 1.39 -nan 0.940252 0.9321 -0.123546 -0
69.4346 -20.3117 8.09247 0 -0.177391 0.00224159 0 -0.03 0 0 1.39 21.8645 1.39 -nan 0.940252 0.9321 -0.123546 -0
71.639 -20.6981 8.09556 0 -0.173172 0.000576056 0 -0.03 0 0 1.39 22.225 1.39 -nan 0.940252 0.9321 -0.123546 -0
73.8792 -21.0814 8.09503 0 -0.16901 -0.0010368 0 -0.03 0 0 1.39 22.5821 1.39 -nan 0.940252 0.9321 -0.123546 0
76.1549 -21.4613 8.09087 0 -0.164904 -0.00259923 0 -0.03 0 0 1.39 22.9358 1.39 -nan 0.940252 0.9321 -0.123546 0
78.4658 -21.8377 8.0831 0 -0.160851 -0.00411334 0 -0.03 0 0 1.39 23.2856 1.39 -nan 0.940252 0.9321 -0.123546 0
80.8116 -22.2103 8.07172 0 -0.156849 -0.00558114 0 -0.03 0 0 1.39 23.6315 1.39 -nan 0.940252 0.9321 -0.123546 0
83.1917 -22.5789 8.05673 0 -0.152897 -0.00700451 0 -0.03 0 0 1.39 23.9732 1.39 -nan 0.940252 0.9321 -0.123546 0
85.6057 -22.9432 8.03814 0 -0.148992 -0.00838525 0 -0.03 0 0 1.39 24.3106 1.39 -nan 0.940252 0.9321 -0.123546 0
88.0533 -23.3031 8.01597 0 -0.145132 -0.00972505 0 -0.03 0 0 1.39 24.6433 1.39 -nan 0.940252 0.9321 -0.123546 0
90.5339 -23.6584 7.99022 0 -0.141317 -0.0110255 0 -0.03 0 0 1.39 24.9713 1.39 -nan 0.940252 0.9321 -0.123546 0
93.047 -24.0088 7.96091 0 -0.137544 -0.0122881 0 -0.03 0 0 1.39 25.2942 1.39 -nan 0.940252 0.9321 -0.123546 0
95.5922 -24.3541 7.92807 0 -0.133812 -0.0135144 0 -0.03 0 0 1.39 25.612 1.39 -nan 0.940252 0.9321 -0.123546 0
98.169 -24.6941 7.8917 0 -0.130119 -0.0147056 0 -0.03 0 0 1.39 25.9245 1.39 -nan 0.940252 0.9321 -0.123546 0
100.777 -25.0287 7.85183 0 -0.126463 -0.0158631 0 -0.03 0 0 1.39 26.2314 1.39 -nan 0.940252 0.9321 -0.123546 0
103.415 -25.3575 7.80849 0 -0.122844 -0.0169881 0 -0.03 0 0 1.39 26.5325 1.39 -nan 0.940252 0.9321 -0.123546 0
106.083 -25.6804 7.7617 0 -0.119259 -0.0180818 0 -0.03 0 0 1.39 26.8277 1.39 -nan 0.940252 0.9321 -0.123546 0
108.78 -25.9973 7.71149 0 -0.115708 -0.0191452 0 -0.03 0 0 1.39 27.1169 1.39 -nan 0.940252 0.9321 -0.123546 0
111.506 -26.3079 7.65788 0 -0.112188 -0.0201794 0 -0.03 0 0 1.39 27.3997 1.39 -nan 0.940252 0.9321 -0.123546 0
114.259 -26.612 7.60092 0 -0.108699 -0.0211855 0 -0.03 0 0 1.39 27.6762 1.39 -nan 0.940252 0.9321 -0.123546 0
117.04 -26.9094 7.54063 0 -0.105239 -0.0221643 0 -0.03 0 0 1.39 27.946 1.39 -nan 0.940252 0.9321 -0.123546 0
119.848 -27.2001 7.47706 0 -0.101808 -0.0231167 0 -0.03 0 0 1.39 28.2091 1.39 -nan 0.940252 0.9321 -0.123546 0
122.682 -27.4837 7.41023 0 -0.098403 -0.0240437 0 -0.03 0 0 1.39 28.4652 1.39 -nan 0.940252 0.9321 -0.123546 0
125.54 -27.7602 7.3402 0 -0.0950238 -0.024946 0 -0.03 0 0 1.39 28.7142 1.39 -nan 0.940252 0.9321 -0.123546 0
128.424 -28.0294 7.26699 0 -0.0916691 -0.0258244 0 -0.03 0 0 1.39 28.9561 1.39 -nan 0.940252 0.9321 -0.123546 0
131.331 -28.291 7.19066 0 -0.0883378 -0.0266796 0 -0.03 0 0 1.39 29.1905 1.39 -nan 0.940252 0.9321 -0.123546 0
134.262 -28.545 7.11125 0 -0.0850286 -0.0275123 0 -0.03 0 0 1.39 29.4175 1.39 -nan 0.940252 0.9321 -0.123546 0
137.214 -28.7912 7.02882 0 -0.0817406 -0.0283232 0 -0.03 0 0 1.39 29.6368 1.39 -nan 0.940252 0.9321 -0.123546 0
140.188 -29.0295 6.9434 0 -0.0784727 -0.029113 0 -0.03 0 0 1.39 29.8483 1.39 -nan 0.940252 0.9321 -0.123546 0
143.183 -29.2596 6.85504 0 -0.0752238 -0.0298821 0 -0.03 0 0 1.39 30.0519 1.39 -nan 0.940252 0.9321 -0.123546 0
146.198 -29.4815 6.76382 0 -0.0719929 -0.0306312 0 -0.03 0 0 1.39 30.2475 1.39 -nan 0.940252 0.9321 -0.123546 0
149.232 -29.6951 6.66977 0 -0.0687789 -0.0313608 0 -0.03 0 0 1.39 30.4349 1.39 -nan 0.940252 0.9321 -0.123546 0
152.285 -29.9001 6.57295 0 -0.0655811 -0.0320714 0 -0.03 0 0 1.39 30.6141 1.39 -nan 0.940252 0.9321 -0.123546 0
155.355 -30.0966 6.47342 0 -0.0623982 -0.0327635 0 -0.03 0 0 1.39 30.7849 1.39 -nan 0.940252 0.9321 -0.123546 0
158.441 -30.2843 6.37125 0 -0.0592295 -0.0334376 0 -0.03 0 0 1.39 30.9472 1.39 -nan 0.940252 0.9321 -0.123546 0
161.544 -30.4631 6.26649 0 -0.0560739 -0.0340941 0 -0.03 0 0 1.39 31.101 1.39 -nan 0.940252 0.9321 -0.123546 0
164.661 -30.633 6.1592 0 -0.0529305 -0.0347335 0 -0.03 0 0 1.39 31.2461 1.39 -nan 0.940252 0.9321 -0.123546 0
167.793 -30.7938 6.04946 0 -0.0497985 -0.035356 0 -0.03 0 0 1.39 31.3824 1.39 -nan 0.940252 0.9321 -0.123546 0
170.937 -30.9455 5.93732 0 -0.0466769 -0.035962 0 -0.03 0 0 1.39 31.51 1.39 -nan 0.940252 0.9321 -0.123546 0
174.094 -31.088 5.82285 0 -0.0435648 -0.036552 0 -0.03 0 0 1.39 31.6286 1.39 -nan 0.940252 0.9321 -0.123546 0
177.263 -31.2211 5.70613 0 -0.0404614 -0.0371263 0 -0.03 0 0 1.39 31.7382 1.39 -nan 0.940252 0.9321 -0.123546 0
180.441 -31.3448 5.58722 0 -0.0373658 -0.0376851 0 -0.03 0 0 1.39 31.8388 1.39 -nan 0.940252 0.9321 -0.123546 0
183.63 -31.459 5.46619 0 -0.0342771 -0.0382287 0 -0.03 0 0 1.39 31.9303 1.39 -nan 0.940252 0.9321 -0.123546 0
186.827 -31.5636 5.34311 0 -0.0311944 -0.0387574 0 -0.03 0 0 1.39 32.0127 1.39 -nan 0.940252 0.9321 -0.123546 0
190.032 -31.6587 5.21807 0 -0.028117 -0.0392715 0 -0.03 0 0 1.39 32.0858 1.39 -nan 0.940252 0.9321 -0.123546 0
193.244 -31.7441 5.09113 0 -0.0250439 -0.0397712 0 -0.03 0 0 1.39 32.1497 1.39 -nan 0.940252 0.9321 -0.123546 0
196.462 -31.8197 4.96237 0 -0.0219743 -0.0402567 0 -0.03 0 0 1.39 32.2043 1.39 -nan 0.940252 0.9321 -0.123546 0
199.684 -31.8856 4.83187 0 -0.0189075 -0.0407282 0 -0.03 0 0 1.39 32.2496 1.39 -nan 0.940252 0.9321 -0.123546 0
202.911 -31.9416 4.69971 0 -0.0158425 -0.0411859 0 -0.03 0 0 1.39 32.2855 1.39 -nan 0.940252 0.9321 -0.123546 0
206.141 -31.9879 4.56596 0 -0.0127785 -0.04163 0 -0.03 0 0 1.39 32.3121 1.39 -nan 0.940252 0.9321 -0.123546 0
209.373 -32.0242 4.4307 0 -0.0097147 -0.0420606 0 -0.03 0 0 1.39 32.3293 1.39 -nan 0.940252 0.9321 -0.123546 0
212.607 -32.0507 4.29403 0 -0.00665025 -0.0424779 0 -0.03 0 0 1.39 32.337 1.39 -nan 0.940252 0.9321 -0.123546 0
215.84 -32.0672 4.15601 0 -0.00358433 -0.0428819 0 -0.03 0 0 1.39 32.3354 1.39 -nan 0.940252 0.9321 -0.123546 0
219.073 -32.0738 4.01673 0 -0.000516099 -0.0432729 0 -0.03 0 0 1.39 32.3244 1.39 -nan 0.940252 0.9321 -0.123546 0
222.305 -32.0705 3.87628 0 0.00255529 -0.0436508 0 -0.03 0 0 1.39 32.304 1.39 -nan 0.940252 0.9321 -0.123546 0
225.534 -32.0573 3.73474 0 0.00563066 -0.0440158 0 -0.03 0 0 1.39 32.2742 1.39 -nan 0.940252 0.9321 -0.123546 0
228.759 -32.0342 3.5922 0 0.00871088 -0.0443679 0 -0.03 0 0 1.39 32.235 1.39 -nan 0.940252 0.9321 -0.123546 0
231.981 -32.0012 3.44873 0 0.0117968 -0.0447072 0 -0.03 0 0 1.39 32.1865 1.39 -nan 0.940252 0.9321 -0.123546 0
235.197 -31.9583 3.30443 0 0.0148892 -0.0450337 0 -0.03 0 0 1.39 32.1287 1.39 -nan 0.940252 0.9321 -0.123546 0
238.406 -31.9055 3.15938 0 0.0179891 -0.0453475 0 -0.03 0 0 1.39 32.0616 1.39 -nan 0.940252 0.9321 -0.123546 0
241.609 -31.8429 3.01367 0 0.0210972 -0.0456484 0 -0.03 0 0 1.39 31.9852 1.39 -nan 0.940252 0.9321 -0.123546 0
244.803 -31.7706 2.86739 0 0.0242145 -0.0459366 0 -0.03 0 0 1.39 31.8997 1.39 -nan 0.940252 0.9321 -0.123546 0
247.988 -31.6885 2.72062 0 0.0273419 -0.046212 0 -0.03 0 0 1.39 31.805 1.39 -nan 0.940252 0.9321 -0.123546 0
251.164 -31.5967 2.57346 0 0.0304802 -0.0464745 0 -0.03 0 0 1.39 31.7013 1.39 -nan 0.940252 0.9321 -0.123546 0
254.328 -31.4952 2.42599 0 0.0336304 -0.0467241 0 -0.03 0 0 1.39 31.5885 1.39 -nan 0.940252 0.9321 -0.123546 0
257.481 -31.3842 2.2783 0 0.0367933 -0.0469608 0 -0.03 0 0 1.39 31.4668 1.39 -nan 0.940252 0.9321 -0.123546 0
260.622 -31.2637 2.13047 0 0.03997 -0.0471843 0 -0.03 0 0 1.39 31.3362 1.39 -nan 0.940252 0.9321 -0.123546 0
263.748 -31.1337 1.9826 0 0.0431614 -0.0473946 0 -0.03 0 0 1.39 31.1968 1.39 -nan 0.940252 0.9321 -0.123546 0
266.861 -30.9944 1.83478 0 0.0463685 -0.0475917 0 -0.03 0 0 1.39 31.0487 1.39 -nan 0.940252 0.9321 -0.123546 0
269.958 -30.8458 1.68709 0 0.0495922 -0.0477753 0 -0.03 0 0 1.39 30.8919 1.39 -nan 0.940252 0.9321 -0.123546 0
273.039 -30.688 1.53963 0 0.0528335 -0.0479452 0 -0.03 0 0 1.39 30.7266 1.39 -nan 0.940252 0.9321 -0.123546 0
276.103 -30.5212 1.39248 0 0.0560935 -0.0481014 0 -0.03 0 0 1.39 30.5529 1.39 -nan 0.940252 0.9321 -0.123546 0
279.15 -30.3453 1.24572 0 0.0593733 -0.0482435 0 -0.03 0 0 1.39 30.3708 1.39 -nan 0.940252 0.9321 -0.123546 0
282.177 -30.1605 1.09946 0 0.0626738 -0.0483714 0 -0.03 0 0 1.39 30.1806 1.39 -nan 0.940252 0.9321 -0.123546 0
285.186 -29.967 0.953767 0 0.0659962 -0.0484848 0 -0.03 0 0 1.39 29.9822 1.39 -nan 0.940252 0.9321 -0.123546 0
288.174 -29.7648 0.80874 0 0.0693417 -0.0485835 0 -0.03 0 0 1.39 29.7758 1.39 -nan 0.940252 0.9321 -0.123546 0
291.141 -29.5541 0.664463 0 0.0727112 -0.0486672 0 -0.03 0 0 1.39 29.5616 1.39 -nan 0.940252 0.9321 -0.123546 0
294.086 -29.335 0.521023 0 0.0761061 -0.0487355 0 -0.03 0 0 1.39 29.3396 1.39 -nan 0.940252 0.9321 -0.123546 0
297.009 -29.1075 0.378505 0 0.0795276 -0.0487881 0 -0.03 0 0 1.39 29.11 1.39 -nan 0.940252 0.9321 -0.123546 0
299.908 -28.872 0.236996 0 0.0829767 -0.0488247 0 -0.03 0 0 1.39 28.8729 1.39 -nan 0.940252 0.9321 -0.123546 0
302.783 -28.6284 0.0965793 0 0.0864549 -0.0488448 0 -0.03 0 0 1.39 28.6286 1.39 -nan 0.940252 0.9321 -0.123546 0
305.634 -28.377 -0.0426599 0 0.0899635 -0.0488481 0 -0.03 0 0 1.39 28.377 1.39 -nan 0.940252 0.9321 -0.123546 0
308.459 -28.1179 -0.180638 0 0.0935037 -0.0488341 0 -0.03 0 0 1.39 28.1184 1.39 -nan 0.940252 0.9321 -0.123546 0
311.257 -27.8512 -0.317273 0 0.0970769 -0.0488022 0 -0.03 0 0 1.39 27.853 1.39 -nan 0.940252 0.9321 -0.123546 0
314.029 -27.5771 -0.452482 0 0.100685 -0.0487521 0 -0.03 0 0 1.39 27.5808 1.39 -nan 0.940252 0.9321 -0.123546 0
316.774 -27.2958 -0.586184 0 0.104328 -0.0486831 0 -0.03 0 0 1.39 27.3021 1.39 -nan 0.940252 0.9321 -0.123546 0
319.49 -27.0075 -0.718299 0 0.108009 -0.0485946 0 -0.03 0 0 1.39 27.017 1.39 -nan 0.940252 0.9321 -0.123546 0
322.177 -26.7122 -0.848748 0 0.111729 -0.048486 0 -0.03 0 0 1.39 26.7257 1.39 -nan 0.940252 0.9321 -0.123546 0
324.835 -26.4103 -0.977452 0 0.11549 -0.0483567 0 -0.03 0 0 1.39 26.4284 1.39 -nan 0.940252 0.9321 -0.123546 0
327.463 -26.1018 -1.10433 0 0.119293 -0.0482059 0 -0.03 0 0 1.39 26.1252 1.39 -nan 0.940252 0.9321 -0.123546 0
330.06 -25.787 -1.22932 0 0.123139 -0.0480328 0 -0.03 0 0 1.39 25.8163 1.39 -nan 0.940252 0.9321 -0.123546 0
332.626 -25.466 -1.35233 0 0.127032 -0.0478367 0 -0.03 0 0 1.39 25.5019 1.39 -nan 0.940252 0.9321 -0.123546 0
335.161 -25.1391 -1.4733 0 0.130972 -0.0476166 0 -0.03 0 0 1.39 25.1822 1.39 -nan 0.940252 0.9321 -0.123546 0
337.663 -24.8064 -1.59214 0 0.134962 -0.0473717 0 -0.03 0 0 1.39 24.8575 1.39 -nan 0.940252 0.9321 -0.123546 0
340.132 -24.4682 -1.7088 0 0.139003 -0.0471009 0 -0.03 0 0 1.39 24.5278 1.39 -nan 0.940252 0.9321 -0.123546 0
342.569 -24.1246 -1.82319 0 0.143097 -0.0468032 0 -0.03 0 0 1.39 24.1934 1.39 -nan 0.940252 0.9321 -0.123546 0
344.971 -23.7758 -1.93525 0 0.147247 -0.0464775 0 -0.03 0 0 1.39 23.8544 1.39 -nan 0.940252 0.9321 -0.123546 0
347.34 -23.4221 -2.04492 0 0.151455 -0.0461226 0 -0.03 0 0 1.39 23.5112 1.39 -nan 0.940252 0.9321 -0.123546 0
349.674 -23.0636 -2.15213 0 0.155723 -0.0457371 0 -0.03 0 0 1.39 23.1638 1.39 -nan 0.940252 0.9321 -0.123546 0
351.973 -22.7007 -2.25681 0 0.160053 -0.0453198 0 -0.03 0 0 1.39 22.8126 1.39 -nan 0.940252 0.9321 -0.123546 0
354.236 -22.3334 -2.35889 0 0.164449 -0.0448693 0 -0.03 0 0 1.39 22.4576 1.39 -nan 0.940252 0.9321 -0.123546 0
356.464 -21.9621 -2.45833 0 0.168911 -0.0443838 0 -0.03 0 0 1.39 22.0992 1.39 -nan 0.940252 0.9321 -0.123546 0
358.656 -21.5869 -2.55506 0 0.173444 -0.0438619 0 -0.03 0 0 1.39 21.7375 1.39 -nan 0.940252 0.9321 -0.123546 0
360.812 -21.208 -2.64902 0 0.17805 -0.0433017 0 -0.03 0 0 1.39 21.3728 1.39 -nan 0.940252 0.9321 -0.123546 0
362.931 -20.8258 -2.74015 0 0.182731 -0.0427013 0 -0.03 0 0 1.39 21.0053 1.39 -nan 0.940252 0.9321 -0.123546 0
365.013 -20.4404 -2.82841 0 0.187492 -0.0420588 0 -0.03 0 0 1.39 20.6351 1.39 -nan 0.940252 0.9321 -0.123546 0
367.059 -20.052 -2.91373 0 0.192334 -0.0413719 0 -0.03 0 0 1.39 20.2626 1.39 -nan 0.940252 0.9321 -0.123546 0
369.066 -19.6609 -2.99607 0 0.197262 -0.0406385 0 -0.03 0 0 1.39 19.8879 1.39 -nan 0.940252 0.9321 -0.123546 0
371.036 -19.2674 -3.07537 0 0.202278 -0.039856 0 -0.03 0 0 1.39 19.5113 1.39 -nan 0.940252 0.9321 -0.123546 0
372.969 -18.8716 -3.1516 0 0.207386 -0.0390218 0 -0.03 0 0 1.39 19.133 1.39 -nan 0.940252 0.9321 -0.123546 0
374.863 -18.4738 -3.22469 0 0.21259 -0.038133 0 -0.03 0 0 1.39 18.7531 1.39 -nan 0.940252 0.9321 -0.123546 0
376.72 -18.0743 -3.29462 0 0.217895 -0.0371866 0 -0.03 0 0 1.39 18.3721 1.39 -nan 0.940252 0.9321 -0.123546 0
378.538 -17.6732 -3.36133 0 0.223303 -0.0361795 0 -0.03 0 0 1.39 17.99 1.39 -nan 0.940252 0.9321 -0.123546 0
380.318 -17.2708 -3.42479 0 0.228819 -0.035108 0 -0.03 0 0 1.39 17.6071 1.39 -nan 0.940252 0.9321 -0.123546 0
382.06 -16.8674 -3.48496 0 0.234447 -0.0339685 0 -0.03 0 0 1.39 17.2236 1.39 -nan 0.940252 0.9321 -0.123546 0
383.763 -16.4632 -3.54181 0 0.240193 -0.0327568 0 -0.03 0 0 1.39 16.8399 1.39 -nan 0.940252 0.9321 -0.123546 0
385.428 -16.0584 -3.59529 0 0.246061 -0.0314688 0 -0.03 0 0 1.39 16.456 1.39 -nan 0.940252 0.9321 -0.123546 0
387.055 -15.6533 -3.64538 0 0.252056 -0.0300996 0 -0.03 0 0 1.39 16.0722 1.39 -nan 0.940252 0.9321 -0.123546 0
388.643 -15.2482 -3.69204 0 0.258184 -0.0286443 0 -0.03 0 0 1.39 15.6888 1.39 -nan 0.940252 0.9321 -0.123546 0
390.193 -14.8432 -3.73526 0 0.26445 -0.0270974 0 -0.03 0 0 1.39 15.306 1.39 -nan 0.940252 0.9321 -0.123546 0
391.705 -14.4386 -3.775 0 0.270859 -0.025453 0 -0.03 0 0 1.39 14.924 1.39 -nan 0.940252 0.9321 -0.123546 0
393.178 -14.0347 -3.81123 0 0.277419 -0.0237049 0 -0.03 0 0 1.39 14.543 1.39 -nan 0.940252 0.9321 -0.123546 0
394.614 -13.6317 -3.84395 0 0.284135 -0.0218462 0 -0.03 0 0 1.39 14.1633 1.39 -nan 0.940252 0.9321 -0.123546 0
396.011 -13.2298 -3.87312 0 0.291014 -0.0198694 0 -0.03 0 0 1.39 13.7851 1.39 -nan 0.940252 0.9321 -0.123546 0
397.371 -12.8293 -3.89873 0 0.298063 -0.0177665 0 -0.03 0 0 1.39 13.4087 1.39 -nan 0.940252 0.9321 -0.123546 0
398.694 -12.4305 -3.92076 0 0.30529 -0.0155288 0 -0.03 0 0 1.39 13.0342 1.39 -nan 0.940252 0.9321 -0.123546 0
399.978 -12.0335 -3.93921 0 0.312702 -0.0131469 0 -0.03 0 0 1.39 12.6618 1.39 -nan 0.940252 0.9321 -0.123546 0
401.226 -11.6386 -3.95406 0 0.320306 -0.0106104 0 -0.03 0 0 1.39 12.2919 1.39 -nan 0.940252 0.9321 -0.123546 0
402.437 -11.246 -3.9653 0 0.328113 -0.00790818 0 -0.03 0 0 1.39 11.9246 1.39 -nan 0.940252 0.9321 -0.123546 0
403.612 -10.856 -3.97292 0 0.336129 -0.00502807 0 -0.03 0 0 1.39 11.5601 1.39 -nan 0.940252 0.9321 -0.123546 0
404.75 -10.4688 -3.97692 0 0.344365 -0.00195679 0 -0.03 0 0 1.39 11.1987 1.39 -nan 0.940252 0.9321 -0.123546 0
405.852 -10.0847 -3.9773 0 0.35283 0.00132016 0 -0.03 -0 0 1.39 10.8406 1.39 -nan 0.940252 0.9321 -0.123546 0
406.918 -9.70378 -3.97406 0 0.361534 0.0048186 0 -0.03 -0 0 1.39 10.486 1.39 -nan 0.940252 0.9321 -0.123546 0
407.95 -9.3264 -3.9672 0 0.370487 0.00855583 0 -0.03 -0 0 1.39 10.1351 1.39 -nan 0.940252 0.9321 -0.123546 0
408.946 -8.95274 -3.95672 0 0.3797 0.0125508 0 -0.03 -0 0 1.39 9.78812 1.39 -nan 0.940252 0.9321 -0.123546 0
409.908 -8.58303 -3.94262 0 0.389183 0.0168243 0 -0.03 -0 0 1.39 9.44525 1.39 -nan 0.940252 0.9321 -0.123546 0
410.835 -8.2175 -3.92493 0 0.398949 0.021399 0 -0.03 -0 0 1.39 9.10672 1.39 -nan 0.940252 0.9321 -0.123546 0
411.73 -7.85635 -3.90365 0 0.409008 0.0263001 0 -0.03 -0 0 1.39 8.77272 1.39 -nan 0.940252 0.9321 -0.123546 0
412.59 -7.49981 -3.87878 0 0.419373 0.0315551 0 -0.03 -0 0 1.39 8.44347 1.39 -nan 0.940252 0.9321 -0.123546 0
413.419 -7.14809 -3.85035 0 0.430056 0.0371942 0 -0.03 -0 0 1.39 8.11914 1.39 -nan 0.940252 0.9321 -0.123546 0
414.215 -6.8014 -3.81838 0 0.441069 0.0432509 0 -0.03 -0 0 1.39 7.79994 1.39 -nan 0.940252 0.9321 -0.123546 0
414.979 -6.45996 -3.78288 0 0.452423 0.0497621 0 -0.03 -0 0 1.39 7.48607 1.39 -nan 0.940252 0.9321 -0.123546 0
415.713 -6.12396 -3.74387 0 0.464132 0.0567683 0 -0.03 -0 0 1.39 7.1777 1.39 -nan 0.940252 0.9321 -0.123546 0
416.415 -5.7936 -3.70137 0 0.476205 0.0643147 0 -0.03 -0 0 1.39 6.87503 1.39 -nan 0.940252 0.9321 -0.123546 0
417.088 -5.4691 -3.65542 0 0.488655 0.0724511 0 -0.03 -0 0 1.39 6.57823 1.39 -nan 0.940252 0.9321 -0.123546 0
417.731 -5.15063 -3.60604 0 0.501491 0.0812325 0 -0.03 -0 0 1.39 6.28749 1.39 -nan 0.940252 0.9321 -0.123546 0
418.346 -4.83839 -3.55326 0 0.514721 0.0907201 0 -0.03 -0 0 1.39 6.00297 1.39 -nan 0.940252 0.9321 -0.123546 0
418.932 -4.53257 -3.49711 0 0.528353 0.100982 0 -0.03 -0 0 1.39 5.72486 1.39 -nan 0.940252 0.9321 -0.123546 0
419.491 -4.23336 -3.43762 0 0.542388 0.112092 0 -0.03 -0 0 1.39 5.45331 1.39 -nan 0.940252 0.9321 -0.123546 0
420.024 -3.94092 -3.37484 0 0.55683 0.124136 0 -0.03 -0 0 1.39 5.18849 1.39 -nan 0.940252 0.9321 -0.123546 0
420.53 -3.65545 -3.30879 0 0.571672 0.137204 0 -0.03 -0 0 1.39 4.93056 1.39 -nan 0.940252 0.9321 -0.123546 0
421.01 -3.3771 -3.23952 0 0.586906 0.1514 0 -0.03 -0 0 1.39 4.67967 1.39 -nan 0.940252 0.9321 -0.123546 0
421.466 -3.10605 -3.16707 0 0.602515 0.166837 0 -0.03 -0 0 1.39 4.43597 1.39 -nan 0.940252 0.9321 -0.123546 0
421.898 -2.84246 -3.09148 0 0.618473 0.183642 0 -0.03 -0 0 1.39 4.19962 1.39 -nan 0.940252 0.9321 -0.123546 0
422.307 -2.58649 -3.01279 0 0.634743 0.201953 0 -0.03 -0 0 1.39 3.97075 1.39 -nan 0.940252 0.9321 -0.123546 0
422.693 -2.33829 -2.93107 0 0.651272 0.221923 0 -0.03 -0 0 1.39 3.7495 1.39 -nan 0.940252 0.9321 -0.123546 0
423.057 -2.09801 -2.84634 0 0.66799 0.243721 0 -0.03 -0 0 1.39 3.536 1.39 -nan 0.940252 0.9321 -0.123546 0
423.4 -1.86579 -2.75867 0 0.684806 0.267529 0 -0.03 -0 0 1.39 3.33038 1.39 -nan 0.940252 0.9321 -0.123546 0
423.723 -1.64178 -2.66811 0 0.701599 0.293549 0 -0.03 -0 0 1.39 3.13277 1.39 -nan 0.940252 0.9321 -0.123546 0
424.027 -1.42611 -2.57471 0 0.718216 0.321992 0 -0.03 -0 0 1.39 2.94328 1.39 -nan 0.940252 0.9321 -0.123546 0
424.313 -1.21891 -2.47853 0 0.734461 0.353087 0 -0.03 -0 0 1.39 2.76203 1.39 -nan 0.940252 0.9321 -0.123546 0
424.58 -1.0203 -2.37962 0 0.750091 0.387071 0 -0.03 -0 0 1.39 2.58913 1.39 -nan 0.940252 0.9321 -0.123546 0
424.831 -0.830406 -2.27805 0 0.764799 0.424186 0 -0.03 -0 0 1.39 2.42468 1.39 -nan 0.940252 0.9321 -0.123546 0
425.065 -0.649338 -2.17387 0 0.778211 0.464672 0 -0.03 -0 0 1.39 2.26878 1.39 -nan 0.940252 0.9321 -0.123546 0
425.285 -0.477206 -2.06715 0 0.78987 0.508751 0 -0.03 -0 0 1.39 2.12152 1.39 -nan 0.940252 0.9321 -0.123546 0
425.49 -0.314115 -1.95795 0 0.799223 0.556615 0 -0.03 -0 0 1.39 1.98299 1.39 -nan 0.940252 0.9321 -0.123546 0
425.682 -0.160161 -1.84634 0 0.805615 0.608403 0 -0.03 -0 0 1.39 1.85328 1.39 -nan 0.940252 0.9321 -0.123546 0
425.861 -0.015438 -1.73239 0 0.808278 0.664165 0 -0.03 -0 0 1.39 1.73246 1.39 -nan 0.940252 0.9321 -0.123546 0
426.029 0.119967 -1.61616 0 0.806333 0.723832 0 -0.03 -0 0 1.39 1.62061 1.39 -nan 0.940252 0.9321 -0.123546 0
426.186 0.245972 -1.49773 0 0.798796 0.787165 0 -0.03 -0 0 1.39 1.51779 1.39 -nan 0.940252 0.9321 -0.123546 0
426.333 0.362502 -1.37716 0 0.784608 0.853708 0 -0.03 -0 0 1.39 1.42407 1.39 -nan 0.940252 0.9321 -0.123546 0
426.471 0.469487 -1.25453 0 0.76267 0.92273 0 -0.03 -0 0 1.39 1.3395 1.39 -nan 0.940252 0.9321 -0.123546 0
426.601 0.566862 -1.12991 0 0.73192 0.99318 0 -0.03 -0 0 1.39 1.26413 1.39 -nan 0.940252 0.9321 -0.123546 0
426.724 0.654569 -1.00338 0 0.691427 1.06365 0 -0.03 -0 0 1.39 1.19801 1.39 -nan 0.940252 0.9321 -0.123546 0
426.841 0.732556 -0.875017 0 0.640511 1.13239 0 -0.03 -0 0 1.39 1.14118 1.39 -nan 0.940252 0.9321 -0.123546 0
426.953 0.800776 -0.744895 0 0.57888 1.19733 0 -0.03 -0 0 1.39 1.09367 1.39 -nan 0.940252 0.9321 -0.123546 0
427.06 0.859189 -0.613095 0 0.506763 1.25619 0 -0.03 -0 0 1.39 1.0555 1.39 -nan 0.940252 0.9321 -0.123546 0
427.164 0.90776 -0.479696 0 0.425008 1.30665 0 -0.03 -0 0 1.39 1.02671 1.39 -nan 0.940252 0.9321 -0.123546 0
427.266 0.946463 -0.34478 0 0.335126 1.34655 0 -0.03 -0 0 1.39 1.00731 1.39 -nan 0.940252 0.9321 -0.123546 0
427.366 0.975274 -0.208427 0 0.239236 1.37411 0 -0.03 -0 0 1.39 0.997297 1.39 -nan 0.940252 0.9321 -0.123546 0
427.466 0.994178 -0.0707202 0 0.139929 1.38819 0 -0.03 -0 0 1.39 0.99669 1.39 -nan 0.940252 0.9321 -0.123546 0
427.566 1.00316 0.068258 0 0.0400433 1.38834 0 -0.03 0 0 1.39 1.00548 1.39 -nan 0.940252 0.9321 -0.123546 0
427.667 1.00223 0.208424 0 -0.0575959 1.37493 0 -0.03 0 -0 1.39 1.02367 1.39 -nan 0.940252 0.9321 -0.123546 0
427.771 0.991375 0.349694 0 -0.150433 1.34903 0 -0.03 0 -0 1.39 1.05124 1.39 -nan 0.940252 0.9321 -0.123546 0
427.878 0.970609 0.491984 0 -0.236382 1.31227 0 -0.03 0 -0 1.39 1.08818 1.39 -nan 0.940252 0.9321 -0.123546 0
427.989 0.939945 0.635208 0 -0.313941 1.26665 0 -0.03 0 -0 1.39 1.13445 1.39 -nan 0.940252 0.9321 -0.123546 0
428.105 0.899402 0.779282 0 -0.382222 1.2143 0 -0.03 0 -0 1.39 1.19004 1.39 -nan 0.940252 0.9321 -0.123546 0
428.227 0.849005 0.92412 0 -0.440903 1.1573 0 -0.03 0 -0 1.39 1.25491 1.39 -nan 0.940252 0.9321 -0.123546 0
428.356 0.788785 1.06963 0 -0.490131 1.09756 0 -0.03 0 -0 1.39 1.32902 1.39 -nan 0.940252 0.9321 -0.123546 0
428.493 0.718778 1.21574 0 -0.530404 1.03671 0 -0.03 0 -0 1.39 1.41233 1.39 -nan 0.940252 0.9321 -0.123546 0
428.639 0.639026 1.36235 0 -0.562449 0.97609 0 -0.03 0 -0 1.39 1.50478 1.39 -nan 0.940252 0.9321 -0.123546 0
428.794 0.549577 1.50938 0 -0.587126 0.916716 0 -0.03 0 -0 1.39 1.60632 1.39 -nan 0.940252 0.9321 -0.123546 0
428.96 0.450485 1.65673 0 -0.605336 0.859342 0 -0.03 0 -0 1.39 1.71688 1.39 -nan 0.940252 0.9321 -0.123546 0
429.138 0.341809 1.80433 0 -0.617971 0.804481 0 -0.03 0 -0 1.39 1.83642 1.39 -nan 0.940252 0.9321 -0.123546 0
429.328 0.223614 1.95207 0 -0.625868 0.752452 0 -0.03 0 -0 1.39 1.96484 1.39 -nan 0.940252 0.9321 -0.123546 0
429.531 0.0959706 2.09989 0 -0.629792 0.703421 0 -0.03 0 -0 1.39 2.10208 1.39 -nan 0.940252 0.9321 -0.123546 0
429.748 -0.0410449 2.24767 0 -0.630423 0.65744 0 -0.03 0 0 1.39 2.24805 1.39 -nan 0.940252 0.9321 -0.123546 -0
429.981 -0.187351 2.39535 0 -0.628352 0.614478 0 -0.03 0 0 1.39 2.40267 1.39 -nan 0.940252 0.9321 -0.123546 -0
430.229 -0.342859 2.54282 0 -0.624091 0.574443 0 -0.03 0 0 1.39 2.56583 1.39 -nan 0.940252 0.9321 -0.123546 -0
430.494 -0.507477 2.69001 0 -0.618072 0.537207 0 -0.03 0 0 1.39 2.73746 1.39 -nan 0.940252 0.9321 -0.123546 -0
430.776 -0.681106 2.83682 0 -0.610662 0.502618 0 -0.03 0 0 1.39 2.91744 1.39 -nan 0.940252 0.9321 -0.123546 -0
431.077 -0.863642 2.98316 0 -0.602166 0.470513 0 -0.03 0 0 1.39 3.10566 1.39 -nan 0.940252 0.9321 -0.123546 -0
431.398 -1.05498 3.12895 0 -0.592836 0.440723 0 -0.03 0 0 1.39 3.30201 1.39 -nan 0.940252 0.9321 -0.123546 -0
431.738 -1.25499 3.2741 0 -0.582883 0.413081 0 -0.03 0 0 1.39 3.50638 1.39 -nan 0.940252 0.9321 -0.123546 -0
432.099 -1.46358 3.41852 0 -0.572479 0.387426 0 -0.03 0 0 1.39 3.71864 1.39 -nan 0.940252 0.9321 -0.123546 -0
432.482 -1.6806 3.56212 0 -0.561764 0.363603 0 -0.03 0 0 1.39 3.93867 1.39 -nan 0.940252 0.9321 -0.123546 -0
432.887 -1.90593 3.70483 0 -0.550852 0.341468 0 -0.03 0 0 1.39 4.16633 1.39 -nan 0.940252 0.9321 -0.123546 -0
433.315 -2.13943 3.84655 0 -0.539837 0.320885 0 -0.03 0 0 1.39 4.40149 1.39 -nan 0.940252 0.9321 -0.123546 -0
433.767 -2.38097 3.9872 0 -0.528794 0.301728 0 -0.03 0 0 1.39 4.644 1.39 -nan 0.940252 0.9321 -0.123546 -0
434.244 -2.6304 4.12669 0 -0.517781 0.283882 0 -0.03 0 0 1.39 4.89373 1.39 -nan 0.940252 0.9321 -0.123546 -0
434.746 -2.88756 4.26495 0 -0.506846 0.26724 0 -0.03 0 0 1.39 5.15051 1.39 -nan 0.940252 0.9321 -0.123546 -0
435.274 -3.15232 4.40188 0 -0.496027 0.251705 0 -0.03 0 0 1.39 5.41421 1.39 -nan 0.940252 0.9321 -0.123546 -0
435.829 -3.4245 4.53741 0 -0.485353 0.237186 0 -0.03 0 0 1.39 5.68465 1.39 -nan 0.940252 0.9321 -0.123546 -0
436.411 -3.70394 4.67145 0 -0.474845 0.223603 0 -0.03 0 0 1.39 5.96168 1.39 -nan 0.940252 0.9321 -0.123546 -0
437.021 -3.99048 4.80393 0 -0.464519 0.210882 0 -0.03 0 0 1.39 6.24513 1.39 -nan 0.940252 0.9321 -0.123546 -0
437.66 -4.28395 4.93476 0 -0.454389 0.198953 0 -0.03 0 0 1.39 6.53484 1.39 -nan 0.940252 0.9321 -0.123546 -0
438.328 -4.58416 5.06387 0 -0.444463 0.187756 0 -0.03 0 0 1.39 6.83062 1.39 -nan 0.940252 0.9321 -0.123546 -0
439.026 -4.89094 5.19118 0 -0.434745 0.177233 0 -0.03 0 0 1.39 7.1323 1.39 -nan 0.940252 0.9321 -0.123546 -0
439.754 -5.20411 5.31661 0 -0.425238 0.167334 0 -0.03 0 0 1.39 7.4397 1.39 -nan 0.940252 0.9321 -0.123546 -0
440.513 -5.52348 5.44008 0 -0.415944 0.158011 0 -0.03 0 0 1.39 7.75263 1.39 -nan 0.940252 0.9321 -0.123546 -0
441.304 -5.84885 5.56153 0 -0.406862 0.149222 0 -0.03 0 0 1.39 8.07092 1.39 -nan 0.940252 0.9321 -0.123546 -0
442.128 -6.18003 5.68088 0 -0.397989 0.140926 0 -0.03 0 0 1.39 8.39436 1.39 -nan 0.940252 0.9321 -0.123546 -0
442.983 -6.51682 5.79806 0 -0.389323 0.133089 0 -0.03 0 0 1.39 8.72276 1.39 -nan 0.940252 0.9321 -0.123546 -0
443.872 -6.85903 5.913 0 -0.380861 0.125678 0 -0.03 0 0 1.39 9.05593 1.39 -nan 0.940252 0.9321 -0.123546 -0
444.794 -7.20644 6.02562 0 -0.372597 0.118662 0 -0.03 0 0 1.39 9.39366 1.39 -nan 0.940252 0.9321 -0.123546 -0
445.75 -7.55884 6.13587 0 -0.364529 0.112014 0 -0.03 0 0 1.39 9.73576 1.39 -nan 0.940252 0.9321 -0.123546 -0
446.741 -7.91603 6.24367 0 -0.356649 0.105709 0 -0.03 0 0 1.39 10.082 1.39 -nan 0.940252 0.9321 -0.123546 -0
447.767 -8.27779 6.34896 0 -0.348954 0.0997242 0 -0.03 0 0 1.39 10.4322 1.39 -nan 0.940252 0.9321 -0.123546 -0
448.827 -8.64391 6.45168 0 -0.341438 0.0940371 0 -0.03 0 0 1.39 10.7862 1.39 -nan 0.940252 0.9321 -0.123546 -0
449.924 -9.01416 6.55177 0 -0.334095 0.0886288 0 -0.03 0 0 1.39 11.1436 1.39 -nan 0.940252 0.9321 -0.123546 -0
451.056 -9.38832 6.64916 0 -0.32692 0.0834811 0 -0.03 0 0 1.39 11.5044 1.39 -nan 0.940252 0.9321 -0.123546 -0
452.224 -9.76617 6.7438 0 -0.319909 0.0785773 0 -0.03 0 0 1.39 11.8683 1.39 -nan 0.940252 0.9321 -0.123546 -0
453.429 -10.1475 6.83563 0 -0.313054 0.0739022 0 -0.03 0 0 1.39 12.2351 1.39 -nan 0.940252 0.9321 -0.123546 -0
454.671 -10.532 6.9246 0 -0.306352 0.0694415 0 -0.03 0 0 1.39 12.6045 1.39 -nan 0.940252 0.9321 -0.123546 -0
455.95 -10.9196 7.01064 0 -0.299796 0.0651822 0 -0.03 0 0 1.39 12.9764 1.39 -nan 0.940252 0.9321 -0.123546 -0
457.266 -11.3099 7.09372 0 -0.293382 0.061112 0 -0.03 0 0 1.39 13.3505 1.39 -nan 0.940252 0.9321 -0.123546 -0
458.62 -11.7027 7.17378 0 -0.287105 0.0572197 0 -0.03 0 0 1.39 13.7265 1.39 -nan 0.940252 0.9321 -0.123546 -0
460.011 -12.0979 7.25077 0 -0.28096 0.0534949 0 -0.03 0 0 1.39 14.1044 1.39 -nan 0.940252 0.9321 -0.123546 -0
461.44 -12.4951 7.32465 0 -0.274942 0.0499279 0 -0.03 0 0 1.39 14.4837 1.39 -nan 0.940252 0.9321 -0.123546 -0
462.907 -12.8941 7.39536 0 -0.269047 0.0465097 0 -0.03 0 0 1.39 14.8644 1.39 -nan 0.940252 0.9321 -0.123546 -0
464.413 -13.2948 7.46288 0 -0.263271 0.0432319 0 -0.03 0 0 1.39 15.2462 1.39 -nan 0.940252 0.9321 -0.123546 -0
465.956 -13.6967 7.52716 0 -0.257608 0.0400868 0 -0.03 0 0 1.39 15.6288 1.39 -nan 0.940252 0.9321 -0.123546 -0
467.538 -14.0998 7.58816 0 -0.252056 0.0370671 0 -0.03 0 0 1.39 16.012 1.39 -nan 0.940252 0.9321 -0.123546 -0
469.158 -14.5037 7.64584 0 -0.246609 0.034166 0 -0.03 0 0 1.39 16.3957 1.39 -nan 0.940252 0.9321 -0.123546 -0
470.817 -14.9083 7.70017 0 -0.241265 0.0313772 0 -0.03 0 0 1.39 16.7795 1.39 -nan 0.940252 0.9321 -0.123546 -0
472.514 -15.3132 7.75111 0 -0.236019 0.0286949 0 -0.03 0 0 1.39 17.1632 1.39 -nan 0.940252 0.9321 -0.123546 -0
474.249 -15.7183 7.79864 0 -0.230868 0.0261135 0 -0.03 0 0 1.39 17.5466 1.39 -nan 0.940252 0.9321 -0.123546 -0
476.023 -16.1233 7.84273 0 -0.225809 0.0236278 0 -0.03 0 0 1.39 17.9295 1.39 -nan 0.940252 0.9321 -0.123546 -0
477.835 -16.5279 7.88335 0 -0.220837 0.0212331 0 -0.03 0 0 1.39 18.3117 1.39 -nan 0.940252 0.9321 -0.123546 -0
479.685 -16.9319 7.92048 0 -0.215951 0.0189248 0 -0.03 0 0 1.39 18.6928 1.39 -nan 0.940252 0.9321 -0.123546 -0
481.573 -17.335 7.95409 0 -0.211146 0.0166987 0 -0.03 0 0 1.39 19.0728 1.39 -nan 0.940252 0.9321 -0.123546 -0
483.499 -17.7371 7.98417 0 -0.20642 0.0145509 0 -0.03 0 0 1.39 19.4513 1.39 -nan 0.940252 0.9321 -0.123546 -0
485.463 -18.1379 8.01069 0 -0.20177 0.0124775 0 -0.03 0 0 1.39 19.8281 1.39 -nan 0.940252 0.9321 -0.123546 -0
487.464 -18.5371 8.03364 0 -0.197193 0.010475 0 -0.03 0 0 1.39 20.2031 1.39 -nan 0.940252 0.9321 -0.123546 -0
489.503 -18.9345 8.053 0 -0.192687 0.00854029 0 -0.03 0 0 1.39 20.5759 1.39 -nan 0.940252 0.9321 -0.123546 -0
491.579 -19.3299 8.06878 0 -0.188248 0.00667012 0 -0.03 0 0 1.39 20.9464 1.39 -nan 0.940252 0.9321 -0.123546 -0
493.692 -19.723 8.08094 0 -0.183875 0.0048616 0 -0.03 0 0 1.39 21.3143 1.39 -nan 0.940252 0.9321 -0.123546 -0
495.841 -20.1136 8.0895 0 -0.179565 0.00311199 0 -0.03 0 0 1.39 21.6794 1.39 -nan 0.940252 0.9321 -0.123546 -0
498.027 -20.5014 8.09443 0 -0.175316 0.00141869 0 -0.03 0 0 1.39 22.0415 1.39 -nan 0.940252 0.9321 -0.123546 -0
500.249 -20.8863 8.09575 0 -0.171126 -0.000220744 0 -0.03 0 0 1.39 22.4004 1.39 -nan 0.940252 0.9321 -0.123546 0
502.507 -21.268 8.09344 0 -0.166991 -0.00180862 0 -0.03 0 0 1.39 22.7559 1.39 -nan 0.940252 0.9321 -0.123546 0
504.8 -21.6462 8.08752 0 -0.162911 -0.00334711 0 -0.03 0 0 1.39 23.1077 1.39 -nan 0.940252 0.9321 -0.123546 0
507.128 -22.0207 8.07798 0 -0.158884 -0.00483829 0 -0.03 0 0 1.39 23.4556 1.39 -nan 0.940252 0.9321 -0.123546 0
509.49 -22.3914 8.06483 0 -0.154906 -0.00628408 0 -0.03 0 0 1.39 23.7995 1.39 -nan 0.940252 0.9321 -0.123546 0
511.887 -22.7579 8.04807 0 -0.150977 -0.00768635 0 -0.03 0 0 1.39 24.1391 1.39 -nan 0.940252 0.9321 -0.123546 0
514.318 -23.1202 8.02772 0 -0.147095 -0.00904681 0 -0.03 0 0 1.39 24.4742 1.39 -nan 0.940252 0.9321 -0.123546 0
516.781 -23.4778 8.0038 0 -0.143257 -0.0103671 0 -0.03 0 0 1.39 24.8046 1.39 -nan 0.940252 0.9321 -0.123546 0
519.278 -23.8307 7.9763 0 -0.139463 -0.0116489 0 -0.03 0 0 1.39 25.1302 1.39 -nan 0.940252 0.9321 -0.123546 0
521.807 -24.1787 7.94526 0 -0.13571 -0.0128935 0 -0.03 0 0 1.39 25.4506 1.39 -nan 0.940252 0.9321 -0.123546 0
524.368 -24.5214 7.91068 0 -0.131997 -0.0141024 0 -0.03 0 0 1.39 25.7658 1.39 -nan 0.940252 0.9321 -0.123546 0
526.96 -24.8588 7.8726 0 -0.128323 -0.015277 0 -0.03 0 0 1.39 26.0756 1.39 -nan 0.940252 0.9321 -0.123546 0
529.582 -25.1905 7.83102 0 -0.124685 -0.0164184 0 -0.03 0 0 1.39 26.3797 1.39 -nan 0.940252 0.9321 -0.123546 0
532.235 -25.5165 7.78599 0 -0.121083 -0.0175279 0 -0.03 0 0 1.39 26.6779 1.39 -nan 0.940252 0.9321 -0.123546 0
534.917 -25.8365 7.73752 0 -0.117515 -0.0186066 0 -0.03 0 0 1.39 26.9702 1.39 -nan 0.940252 0.9321 -0.123546 0
537.629 -26.1503 7.68564 0 -0.113979 -0.0196556 0 -0.03 0 0 1.39 27.2563 1.39 -nan 0.940252 0.9321 -0.123546 0
540.368 -26.4577 7.63039 0 -0.110475 -0.0206759 0 -0.03 0 0 1.39 27.536 1.39 -nan 0.940252 0.9321 -0.123546 0
543.135 -26.7586 7.57179 0 -0.107 -0.0216685 0 -0.03 0 0 1.39 27.8092 1.39 -nan 0.940252 0.9321 -0.123546 0
545.929 -27.0527 7.50989 0 -0.103554 -0.0226343 0 -0.03 0 0 1.39 28.0758 1.39 -nan 0.940252 0.9321 -0.123546 0
548.75 -27.34 7.44471 0 -0.100136 -0.0235741 0 -0.03 0 0 1.39 28.3354 1.39 -nan 0.940252 0.9321 -0.123546 0
551.596 -27.6201 7.37631 0 -0.0967439 -0.0244889 0 -0.03 0 0 1.39 28.5881 1.39 -nan 0.940252 0.9321 -0.123546 0
554.467 -27.893 7.30472 0 -0.0933769 -0.0253794 0 -0.03 0 0 1.39 28.8337 1.39 -nan 0.940252 0.9321 -0.123546 0
557.362 -28.1585 7.22997 0 -0.0900338 -0.0262463 0 -0.03 0 0 1.39 29.0719 1.39 -nan 0.940252 0.9321 -0.123546 0
560.281 -28.4165 7.15213 0 -0.0867135 -0.0270904 0 -0.03 0 0 1.39 29.3027 1.39 -nan 0.940252 0.9321 -0.123546 0
563.222 -28.6666 7.07123 0 -0.0834148 -0.0279124 0 -0.03 0 0 1.39 29.5259 1.39 -nan 0.940252 0.9321 -0.123546 0
566.186 -28.909 6.98733 0 -0.0801368 -0.0287128 0 -0.03 0 0 1.39 29.7414 1.39 -nan 0.940252 0.9321 -0.123546 0
569.17 -29.1433 6.90046 0 -0.0768783 -0.0294924 0 -0.03 0 0 1.39 29.9491 1.39 -nan 0.940252 0.9321 -0.123546 0
572.175 -29.3694 6.8107 0 -0.0736383 -0.0302516 0 -0.03 0 0 1.39 30.1487 1.39 -nan 0.940252 0.9321 -0.123546 0
575.199 -29.5872 6.71808 0 -0.0704159 -0.0309911 0 -0.03 0 0 1.39 30.3403 1.39 -nan 0.940252 0.9321 -0.123546 0
578.243 -29.7966 6.62266 0 -0.0672099 -0.0317114 0 -0.03 0 0 1.39 30.5237 1.39 -nan 0.940252 0.9321 -0.123546 0
581.304 -29.9975 6.52451 0 -0.0640195 -0.0324129 0 -0.03 0 0 1.39 30.6988 1.39 -nan 0.940252 0.9321 -0.123546 0
584.382 -30.1896 6.42368 0 -0.0608437 -0.0330961 0 -0.03 0 0 1.39 30.8655 1.39 -nan 0.940252 0.9321 -0.123546 0
587.476 -30.373 6.32023 0 -0.0576815 -0.0337615 0 -0.03 0 0 1.39 31.0236 1.39 -nan 0.940252 0.9321 -0.123546 0
590.586 -30.5475 6.21423 0 -0.0545321 -0.0344096 0 -0.03 0 0 1.39 31.1732 1.39 -nan 0.940252 0.9321 -0.123546 0
593.711 -30.713 6.10573 0 -0.0513944 -0.0350406 0 -0.03 0 0 1.39 31.314 1.39 -nan 0.940252 0.9321 -0.123546 0
596.849 -30.8693 5.9948 0 -0.0482676 -0.035655 0 -0.03 0 0 1.39 31.446 1.39 -nan 0.940252 0.9321 -0.123546 0
599.999 -31.0165 5.88151 0 -0.0451507 -0.0362531 0 -0.03 0 0 1.39 31.5692 1.39 -nan 0.940252 0.9321 -0.123546 0
603.162 -31.1544 5.76593 0 -0.042043 -0.0368354 0 -0.03 0 0 1.39 31.6834 1.39 -nan 0.940252 0.9321 -0.123546 0
606.336 -31.2829 5.64813 0 -0.0389435 -0.037402 0 -0.03 0 0 1.39 31.7887 1.39 -nan 0.940252 0.9321 -0.123546 0
609.519 -31.4019 5.52817 0 -0.0358514 -0.0379533 0 -0.03 0 0 1.39 31.8848 1.39 -nan 0.940252 0.9321 -0.123546 0
612.712 -31.5115 5.40613 0 -0.0327657 -0.0384896 0 -0.03 0 0 1.39 31.9718 1.39 -nan 0.940252 0.9321 -0.123546 0
615.913 -31.6114 5.28208 0 -0.0296857 -0.0390111 0 -0.03 0 0 1.39 32.0497 1.39 -nan 0.940252 0.9321 -0.123546 0
619.122 -31.7017 5.1561 0 -0.0266106 -0.0395181 0 -0.03 0 0 1.39 32.1183 1.39 -nan 0.940252 0.9321 -0.123546 0
622.337 -31.7823 5.02826 0 -0.0235393 -0.0400108 0 -0.03 0 0 1.39 32.1776 1.39 -nan 0.940252 0.9321 -0.123546 0
625.557 -31.8532 4.89863 0 -0.0204712 -0.0404895 0 -0.03 0 0 1.39 32.2277 1.39 -nan 0.940252 0.9321 -0.123546 0
628.782 -31.9143 4.76731 0 -0.0174053 -0.0409542 0 -0.03 0 0 1.39 32.2684 1.39 -nan 0.940252 0.9321 -0.123546 0
632.01 -31.9655 4.63436 0 -0.0143409 -0.0414052 0 -0.03 0 0 1.39 32.2997 1.39 -nan 0.940252 0.9321 -0.123546 0
635.241 -32.0069 4.49986 0 -0.0112771 -0.0418427 0 -0.03 0 0 1.39 32.3217 1.39 -nan 0.940252 0.9321 -0.123546 0
638.474 -32.0384 4.3639 0 -0.00821314 -0.0422667 0 -0.03 0 0 1.39 32.3342 1.39 -nan 0.940252 0.9321 -0.123546 0
641.708 -32.06 4.22656 0 -0.00514808 -0.0426775 0 -0.03 0 0 1.39 32.3374 1.39 -nan 0.940252 0.9321 -0.123546 0
644.941 -32.0717 4.08791 0 -0.00208113 -0.0430751 0 -0.03 0 0 1.39 32.3312 1.39 -nan 0.940252 0.9321 -0.123546 0
648.174 -32.0735 3.94805 0 0.000988546 -0.0434597 0 -0.03 0 0 1.39 32.3155 1.39 -nan 0.940252 0.9321 -0.123546 0
651.404 -32.0653 3.80705 0 0.00406178 -0.0438313 0 -0.03 0 0 1.39 32.2905 1.39 -nan 0.940252 0.9321 -0.123546 0
654.632 -32.0472 3.66501 0 0.00713943 -0.04419 0 -0.03 0 0 1.39 32.2561 1.39 -nan 0.940252 0.9321 -0.123546 0
657.855 -32.0193 3.522 0 0.0102223 -0.0445358 0 -0.03 0 0 1.39 32.2124 1.39 -nan 0.940252 0.9321 -0.123546 0
661.074 -31.9814 3.37811 0 0.0133113 -0.0448688 0 -0.03 0 0 1.39 32.1593 1.39 -nan 0.940252 0.9321 -0.123546 0
664.287 -31.9336 3.23344 0 0.0164073 -0.0451891 0 -0.03 0 0 1.39 32.0969 1.39 -nan 0.940252 0.9321 -0.123546 0
667.493 -31.8761 3.08805 0 0.0195111 -0.0454966 0 -0.03 0 0 1.39 32.0253 1.39 -nan 0.940252 0.9321 -0.123546 0
670.692 -31.8087 2.94205 0 0.0226236 -0.0457913 0 -0.03 0 0 1.39 31.9445 1.39 -nan 0.940252 0.9321 -0.123546 0
673.882 -31.7315 2.79552 0 0.0257457 -0.0460732 0 -0.03 0 0 1.39 31.8544 1.39 -nan 0.940252 0.9321 -0.123546 0
677.062 -31.6447 2.64855 0 0.0288784 -0.0463423 0 -0.03 0 0 1.39 31.7553 1.39 -nan 0.940252 0.9321 -0.123546 0
680.233 -31.5482 2.50123 0 0.0320224 -0.0465985 0 -0.03 0 0 1.39 31.6471 1.39 -nan 0.940252 0.9321 -0.123546 0
683.392 -31.442 2.35364 0 0.0351787 -0.0468417 0 -0.03 0 0 1.39 31.53 1.39 -nan 0.940252 0.9321 -0.123546 0
686.538 -31.3263 2.20587 0 0.0383483 -0.0470719 0 -0.03 0 0 1.39 31.4039 1.39 -nan 0.940252 0.9321 -0.123546 0
689.672 -31.2012 2.05801 0 0.041532 -0.047289 0 -0.03 0 0 1.39 31.269 1.39 -nan 0.940252 0.9321 -0.123546 0
692.792 -31.0666 1.91015 0 0.044731 -0.0474929 0 -0.03 0 0 1.39 31.1253 1.39 -nan 0.940252 0.9321 -0.123546 0
695.897 -30.9227 1.76239 0 0.0479461 -0.0476833 0 -0.03 0 0 1.39 30.9729 1.39 -nan 0.940252 0.9321 -0.123546 0
698.986 -30.7696 1.6148 0 0.0511783 -0.0478603 0 -0.03 0 0 1.39 30.812 1.39 -nan 0.940252 0.9321 -0.123546 0
702.059 -30.6074 1.46747 0 0.0544286 -0.0480235 0 -0.03 0 0 1.39 30.6425 1.39 -nan 0.940252 0.9321 -0.123546 0
705.115 -30.4361 1.32051 0 0.0576982 -0.0481728 0 -0.03 0 0 1.39 30.4647 1.39 -nan 0.940252 0.9321 -0.123546 0
708.152 -30.2559 1.17398 0 0.060988 -0.048308 0 -0.03 0 0 1.39 30.2786 1.39 -nan 0.940252 0.9321 -0.123546 0
711.171 -30.0668 1.02799 0 0.0642991 -0.0484288 0 -0.03 0 0 1.39 30.0844 1.39 -nan 0.940252 0.9321 -0.123546 0
714.169 -29.869 0.882611 0 0.0676327 -0.048535 0 -0.03 0 0 1.39 29.882 1.39 -nan 0.940252 0.9321 -0.123546 0
717.147 -29.6626 0.73794 0 0.0709898 -0.0486264 0 -0.03 0 0 1.39 29.6718 1.39 -nan 0.940252 0.9321 -0.123546 0
720.103 -29.4478 0.594063 0 0.0743716 -0.0487026 0 -0.03 0 0 1.39 29.4537 1.39 -nan 0.940252 0.9321 -0.123546 0
723.038 -29.2245 0.451064 0 0.0777794 -0.0487632 0 -0.03 0 0 1.39 29.228 1.39 -nan 0.940252 0.9321 -0.123546 0
725.949 -28.9931 0.309029 0 0.0812142 -0.0488081 0 -0.03 0 0 1.39 28.9948 1.39 -nan 0.940252 0.9321 -0.123546 0
728.837 -28.7536 0.168045 0 0.0846775 -0.0488366 0 -0.03 0 0 1.39 28.7541 1.39 -nan 0.940252 0.9321 -0.123546 0
731.7 -28.5062 0.0281947 0 0.0881704 -0.0488486 0 -0.03 0 0 1.39 28.5062 1.39 -nan 0.940252 0.9321 -0.123546 0
734.538 -28.251 -0.110437 0 0.0916943 -0.0488434 0 -0.03 0 0 1.39 28.2512 1.39 -nan 0.940252 0.9321 -0.123546 0
737.35 -27.9881 -0.247767 0 0.0952505 -0.0488207 0 -0.03 0 0 1.39 27.9892 1.39 -nan 0.940252 0.9321 -0.123546 0
740.136 -27.7178 -0.383713 0 0.0988404 -0.04878 0 -0.03 0 0 1.39 27.7204 1.39 -nan 0.940252 0.9321 -0.123546 0
742.894 -27.4402 -0.518194 0 0.102466 -0.0487207 0 -0.03 0 0 1.39 27.4451 1.39 -nan 0.940252 0.9321 -0.123546 0
745.625 -27.1554 -0.651128 0 0.106127 -0.0486422 0 -0.03 0 0 1.39 27.1632 1.39 -nan 0.940252 0.9321 -0.123546 0
748.327 -26.8636 -0.782437 0 0.109827 -0.048544 0 -0.03 0 0 1.39 26.875 1.39 -nan 0.940252 0.9321 -0.123546 0
751 -26.5651 -0.912041 0 0.113567 -0.0484253 0 -0.03 0 0 1.39 26.5807 1.39 -nan 0.940252 0.9321 -0.123546 0
753.643 -26.2599 -1.03986 0 0.117348 -0.0482855 0 -0.03 0 0 1.39 26.2805 1.39 -nan 0.940252 0.9321 -0.123546 0
756.256 -25.9483 -1.16582 0 0.121172 -0.0481239 0 -0.03 0 0 1.39 25.9745 1.39 -nan 0.940252 0.9321 -0.123546 0
758.838 -25.6305 -1.28985 0 0.125041 -0.0479396 0 -0.03 0 0 1.39 25.6629 1.39 -nan 0.940252 0.9321 -0.123546 0
761.389 -25.3066 -1.41187 0 0.128957 -0.0477319 0 -0.03 0 0 1.39 25.3459 1.39 -nan 0.940252 0.9321 -0.123546 0
763.907 -24.9768 -1.5318 0 0.132921 -0.0474998 0 -0.03 0 0 1.39 25.0237 1.39 -nan 0.940252 0.9321 -0.123546 0
766.394 -24.6414 -1.64958 0 0.136935 -0.0472423 0 -0.03 0 0 1.39 24.6965 1.39 -nan 0.940252 0.9321 -0.123546 0
768.847 -24.3004 -1.76514 0 0.141002 -0.0469584 0 -0.03 0 0 1.39 24.3645 1.39 -nan 0.940252 0.9321 -0.123546 0
771.267 -23.9543 -1.8784 0 0.145124 -0.0466472 0 -0.03 0 0 1.39 24.0278 1.39 -nan 0.940252 0.9321 -0.123546 0
773.653 -23.6031 -1.9893 0 0.149302 -0.0463073 0 -0.03 0 0 1.39 23.6867 1.39 -nan 0.940252 0.9321 -0.123546 0
776.004 -23.247 -2.09777 0 0.153539 -0.0459376 0 -0.03 0 0 1.39 23.3415 1.39 -nan 0.940252 0.9321 -0.123546 0
778.321 -22.8863 -2.20374 0 0.157837 -0.0455367 0 -0.03 0 0 1.39 22.9922 1.39 -nan 0.940252 0.9321 -0.123546 0
780.603 -22.5212 -2.30716 0 0.162199 -0.0451033 0 -0.03 0 0 1.39 22.6391 1.39 -nan 0.940252 0.9321 -0.123546 0
782.849 -22.1519 -2.40796 0 0.166627 -0.0446358 0 -0.03 0 0 1.39 22.2824 1.39 -nan 0.940252 0.9321 -0.123546 0
785.06 -21.7787 -2.50608 0 0.171124 -0.0441327 0 -0.03 0 0 1.39 21.9224 1.39 -nan 0.940252 0.9321 -0.123546 0
787.234 -21.4017 -2.60145 0 0.175692 -0.0435922 0 -0.03 0 0 1.39 21.5592 1.39 -nan 0.940252 0.9321 -0.123546 0
789.372 -21.0211 -2.69404 0 0.180334 -0.0430126 0 -0.03 0 0 1.39 21.1931 1.39 -nan 0.940252 0.9321 -0.123546 0
791.473 -20.6373 -2.78376 0 0.185054 -0.0423918 0 -0.03 0 0 1.39 20.8242 1.39 -nan 0.940252 0.9321 -0.123546 0
793.537 -20.2504 -2.87059 0 0.189854 -0.0417279 0 -0.03 0 0 1.39 20.4529 1.39 -nan 0.940252 0.9321 -0.123546 0
795.564 -19.8607 -2.95445 0 0.194738 -0.0410185 0 -0.03 0 0 1.39 20.0792 1.39 -nan 0.940252 0.9321 -0.123546 0
797.553 -19.4684 -3.03531 0 0.199708 -0.0402613 0 -0.03 0 0 1.39 19.7036 1.39 -nan 0.940252 0.9321 -0.123546 0
799.505 -19.0737 -3.11311 0 0.204769 -0.0394538 0 -0.03 0 0 1.39 19.3261 1.39 -nan 0.940252 0.9321 -0.123546 0
801.419 -18.6769 -3.18781 0 0.209924 -0.0385932 0 -0.03 0 0 1.39 18.947 1.39 -nan 0.940252 0.9321 -0.123546 0
803.295 -18.2782 -3.25936 0 0.215177 -0.0376766 0 -0.03 0 0 1.39 18.5665 1.39 -nan 0.940252 0.9321 -0.123546 0
805.132 -17.8779 -3.32771 0 0.220531 -0.0367009 0 -0.03 0 0 1.39 18.1849 1.39 -nan 0.940252 0.9321 -0.123546 0
806.932 -17.4761 -3.39284 0 0.225992 -0.0356627 0 -0.03 0 0 1.39 17.8024 1.39 -nan 0.940252 0.9321 -0.123546 0
808.693 -17.0732 -3.45469 0 0.231563 -0.0345583 0 -0.03 0 0 1.39 17.4193 1.39 -nan 0.940252 0.9321 -0.123546 0
810.416 -16.6694 -3.51324 0 0.237248 -0.033384 0 -0.03 0 0 1.39 17.0356 1.39 -nan 0.940252 0.9321 -0.123546 0
812.101 -16.2649 -3.56844 0 0.243053 -0.0321355 0 -0.03 0 0 1.39 16.6517 1.39 -nan 0.940252 0.9321 -0.123546 0
813.747 -15.8599 -3.62026 0 0.248983 -0.0308083 0 -0.03 0 0 1.39 16.2679 1.39 -nan 0.940252 0.9321 -0.123546 0
815.355 -15.4548 -3.66868 0 0.255042 -0.0293975 0 -0.03 0 0 1.39 15.8843 1.39 -nan 0.940252 0.9321 -0.123546 0
816.924 -15.0497 -3.71365 0 0.261237 -0.027898 0 -0.03 0 0 1.39 15.5011 1.39 -nan 0.940252 0.9321 -0.123546 0
818.455 -14.6449 -3.75517 0 0.267572 -0.0263041 0 -0.03 0 0 1.39 15.1187 1.39 -nan 0.940252 0.9321 -0.123546 0
819.948 -14.2406 -3.79319 0 0.274055 -0.0246098 0 -0.03 0 0 1.39 14.7371 1.39 -nan 0.940252 0.9321 -0.123546 0
821.403 -13.8371 -3.8277 0 0.28069 -0.0228083 0 -0.03 0 0 1.39 14.3568 1.39 -nan 0.940252 0.9321 -0.123546 0
822.82 -13.4346 -3.85868 0 0.287485 -0.0208927 0 -0.03 0 0 1.39 13.9778 1.39 -nan 0.940252 0.9321 -0.123546 0
824.199 -13.0334 -3.88611 0 0.294447 -0.0188552 0 -0.03 0 0 1.39 13.6004 1.39 -nan 0.940252 0.9321 -0.123546 0
825.54 -12.6337 -3.90997 0 0.301582 -0.0166874 0 -0.03 0 0 1.39 13.2249 1.39 -nan 0.940252 0.9321 -0.123546 0
826.844 -12.2357 -3.93025 0 0.308898 -0.0143802 0 -0.03 0 0 1.39 12.8514 1.39 -nan 0.940252 0.9321 -0.123546 0
828.111 -11.8397 -3.94694 0 0.316404 -0.0119239 0 -0.03 0 0 1.39 12.4802 1.39 -nan 0.940252 0.9321 -0.123546 0
829.341 -11.4459 -3.96002 0 0.324106 -0.00930765 0 -0.03 0 0 1.39 12.1116 1.39 -nan 0.940252 0.9321 -0.123546 0
830.534 -11.0545 -3.96948 0 0.332014 -0.00651985 0 -0.03 0 0 1.39 11.7456 1.39 -nan 0.940252 0.9321 -0.123546 0
831.691 -10.6659 -3.97533 0 0.340137 -0.00354779 0 -0.03 0 0 1.39 11.3826 1.39 -nan 0.940252 0.9321 -0.123546 0
832.811 -10.2802 -3.97756 0 0.348484 -0.000377609 0 -0.03 0 0 1.39 11.0228 1.39 -nan 0.940252 0.9321 -0.123546 0
833.896 -9.89759 -3.97617 0 0.357065 0.00300581 0 -0.03 -0 0 1.39 10.6664 1.39 -nan 0.940252 0.9321 -0.123546 0
834.945 -9.5184 -3.97115 0 0.36589 0.006619 0 -0.03 -0 0 1.39 10.3136 1.39 -nan 0.940252 0.9321 -0.123546 0
835.959 -9.14282 -3.96251 0 0.374968 0.0104801 0 -0.03 -0 0 1.39 9.96457 1.39 -nan 0.940252 0.9321 -0.123546 0
836.938 -8.77107 -3.95026 0 0.384312 0.0146088 0 -0.03 -0 0 1.39 9.61957 1.39 -nan 0.940252 0.9321 -0.123546 0
837.883 -8.40337 -3.9344 0 0.393933 0.0190269 0 -0.03 -0 0 1.39 9.2788 1.39 -nan 0.940252 0.9321 -0.123546 0
838.794 -8.03996 -3.91495 0 0.403841 0.0237583 0 -0.03 -0 0 1.39 8.94247 1.39 -nan 0.940252 0.9321 -0.123546 0
839.672 -7.68104 -3.89191 0 0.414048 0.0288292 0 -0.03 -0 0 1.39 8.61077 1.39 -nan 0.940252 0.9321 -0.123546 0
840.517 -7.32684 -3.8653 0 0.424568 0.0342685 0 -0.03 -0 0 1.39 8.28391 1.39 -nan 0.940252 0.9321 -0.123546 0
841.329 -6.97756 -3.83513 0 0.435411 0.0401079 0 -0.03 -0 0 1.39 7.96207 1.39 -nan 0.940252 0.9321 -0.123546 0
842.11 -6.63342 -3.80142 0 0.446589 0.0463824 0 -0.03 -0 0 1.39 7.64546 1.39 -nan 0.940252 0.9321 -0.123546 0
842.859 -6.29461 -3.7642 0 0.458116 0.0531308 0 -0.03 -0 0 1.39 7.33426 1.39 -nan 0.940252 0.9321 -0.123546 0
843.577 -5.96135 -3.72348 0 0.470002 0.0603959 0 -0.03 -0 0 1.39 7.02866 1.39 -nan 0.940252 0.9321 -0.123546 0
844.265 -5.63384 -3.67929 0 0.482259 0.0682248 0 -0.03 -0 0 1.39 6.72884 1.39 -nan 0.940252 0.9321 -0.123546 0
844.924 -5.31227 -3.63165 0 0.494896 0.07667 0 -0.03 -0 0 1.39 6.43499 1.39 -nan 0.940252 0.9321 -0.123546 0
845.553 -4.99683 -3.5806 0 0.507925 0.0857895 0 -0.03 -0 0 1.39 6.14728 1.39 -nan 0.940252 0.9321 -0.123546 0
846.154 -4.68772 -3.52616 0 0.521351 0.0956475 0 -0.03 -0 0 1.39 5.86588 1.39 -nan 0.940252 0.9321 -0.123546 0
846.726 -4.38511 -3.46837 0 0.53518 0.106315 0 -0.03 -0 0 1.39 5.59096 1.39 -nan 0.940252 0.9321 -0.123546 0
847.272 -4.0892 -3.40727 0 0.549415 0.117872 0 -0.03 -0 0 1.39 5.32269 1.39 -nan 0.940252 0.9321 -0.123546 0
847.791 -3.80015 -3.34288 0 0.564053 0.130405 0 -0.03 -0 0 1.39 5.06122 1.39 -nan 0.940252 0.9321 -0.123546 0
848.285 -3.51815 -3.27524 0 0.579089 0.144013 0 -0.03 -0 0 1.39 4.80672 1.39 -nan 0.940252 0.9321 -0.123546 0
848.753 -3.24336 -3.20441 0 0.59451 0.158802 0 -0.03 -0 0 1.39 4.55934 1.39 -nan 0.940252 0.9321 -0.123546 0
849.197 -2.97594 -3.13041 0 0.610294 0.174893 0 -0.03 -0 0 1.39 4.31923 1.39 -nan 0.940252 0.9321 -0.123546 0
849.618 -2.71607 -3.0533 0 0.62641 0.192417 0 -0.03 -0 0 1.39 4.08652 1.39 -nan 0.940252 0.9321 -0.123546 0
850.015 -2.46388 -2.97312 0 0.642814 0.211521 0 -0.03 -0 0 1.39 3.86137 1.39 -nan 0.940252 0.9321 -0.123546 0
850.39 -2.21955 -2.88992 0 0.659446 0.232365 0 -0.03 -0 0 1.39 3.6439 1.39 -nan 0.940252 0.9321 -0.123546 0
850.744 -1.9832 -2.80375 0 0.676225 0.255125 0 -0.03 -0 0 1.39 3.43425 1.39 -nan 0.940252 0.9321 -0.123546 0
851.078 -1.75499 -2.71465 0 0.693047 0.279991 0 -0.03 -0 0 1.39 3.23254 1.39 -nan 0.940252 0.9321 -0.123546 0
851.391 -1.53505 -2.62269 0 0.709775 0.30717 0 -0.03 -0 0 1.39 3.03889 1.39 -nan 0.940252 0.9321 -0.123546 0
851.686 -1.32351 -2.52792 0 0.726237 0.336884 0 -0.03 -0 0 1.39 2.85343 1.39 -nan 0.940252 0.9321 -0.123546 0
851.962 -1.1205 -2.43039 0 0.742215 0.369365 0 -0.03 -0 0 1.39 2.67626 1.39 -nan 0.940252 0.9321 -0.123546 0
852.222 -0.92615 -2.33017 0 0.757435 0.404853 0 -0.03 -0 0 1.39 2.50748 1.39 -nan 0.940252 0.9321 -0.123546 0
852.464 -0.740567 -2.22732 0 0.77156 0.44359 0 -0.03 -0 0 1.39 2.34721 1.39 -nan 0.940252 0.9321 -0.123546 0
852.692 -0.563864 -2.12189 0 0.784176 0.48581 0 -0.03 -0 0 1.39 2.19553 1.39 -nan 0.940252 0.9321 -0.123546 0
852.904 -0.39615 -2.01394 0 0.79478 0.531723 0 -0.03 -0 0 1.39 2.05254 1.39 -nan 0.940252 0.9321 -0.123546 0
853.102 -0.237524 -1.90356 0 0.80277 0.581497 0 -0.03 -0 0 1.39 1.91832 1.39 -nan 0.940252 0.9321 -0.123546 0
853.288 -0.0880824 -1.79079 0 0.807438 0.635232 0 -0.03 -0 0 1.39 1.79296 1.39 -nan 0.940252 0.9321 -0.123546 0
853.461 0.0520848 -1.67571 0 0.807959 0.692926 0 -0.03 -0 0 1.39 1.67652 1.39 -nan 0.940252 0.9321 -0.123546 0
853.624 0.182893 -1.5584 0 0.803403 0.754432 0 -0.03 -0 0 1.39 1.56909 1.39 -nan 0.940252 0.9321 -0.123546 0
853.776 0.304265 -1.43891 0 0.792742 0.819411 0 -0.03 -0 0 1.39 1.47072 1.39 -nan 0.940252 0.9321 -0.123546 0
853.918 0.416125 -1.31732 0 0.774893 0.887279 0 -0.03 -0 0 1.39 1.38148 1.39 -nan 0.940252 0.9321 -0.123546 0
854.052 0.518409 -1.1937 0 0.748764 0.957153 0 -0.03 -0 0 1.39 1.30141 1.39 -nan 0.940252 0.9321 -0.123546 0
854.179 0.611053 -1.06814 0 0.713344 1.02781 0 -0.03 -0 0 1.39 1.23057 1.39 -nan 0.940252 0.9321 -0.123546 0
854.299 0.694003 -0.940702 0 0.667808 1.09768 0 -0.03 -0 0 1.39 1.169 1.39 -nan 0.940252 0.9321 -0.123546 0
854.413 0.767209 -0.811467 0 0.611648 1.16483 0 -0.03 -0 0 1.39 1.11673 1.39 -nan 0.940252 0.9321 -0.123546 0
854.523 0.830628 -0.680513 0 0.544813 1.22708 0 -0.03 -0 0 1.39 1.0738 1.39 -nan 0.940252 0.9321 -0.123546 0
854.628 0.884222 -0.547919 0 0.467826 1.28211 0 -0.03 -0 0 1.39 1.04022 1.39 -nan 0.940252 0.9321 -0.123546 0
854.731 0.927961 -0.413767 0 0.38186 1.32764 0 -0.03 -0 0 1.39 1.01603 1.39 -nan 0.940252 0.9321 -0.123546 0
854.832 0.961818 -0.278136 0 0.288735 1.36168 0 -0.03 -0 0 1.39 1.00123 1.39 -nan 0.940252 0.9321 -0.123546 0
854.932 0.985776 -0.14111 0 0.190825 1.38274 0 -0.03 -0 0 1.39 0.995825 1.39 -nan 0.940252 0.9321 -0.123546 0
855.031 0.999821 -0.0027695 0 0.0908747 1.39 0 -0.03 -0 0 1.39 0.999825 1.39 -nan 0.940252 0.9321 -0.123546 0
855.132 1.00395 0.136801 0 -0.00825173 1.38341 0 -0.03 0 -0 1.39 1.01322 1.39 -nan 0.940252 0.9321 -0.123546 0
855.234 0.99815 0.277519 0 -0.103832 1.36371 0 -0.03 0 -0 1.39 1.03601 1.39 -nan 0.940252 0.9321 -0.123546 0
855.339 0.982437 0.419299 0 -0.19352 1.33226 0 -0.03 0 -0 1.39 1.06817 1.39 -nan 0.940252 0.9321 -0.123546 0
855.448 0.956819 0.562057 0 -0.275506 1.29089 0 -0.03 0 -0 1.39 1.10969 1.39 -nan 0.940252 0.9321 -0.123546 0
855.561 0.921311 0.705709 0 -0.348593 1.2417 0 -0.03 0 -0 1.39 1.16053 1.39 -nan 0.940252 0.9321 -0.123546 0
855.68 0.875935 0.850168 0 -0.412178 1.18682 0 -0.03 0 -0 1.39 1.22068 1.39 -nan 0.940252 0.9321 -0.123546 0
855.806 0.820721 0.995348 0 -0.466184 1.12826 0 -0.03 0 -0 1.39 1.29008 1.39 -nan 0.940252 0.9321 -0.123546 0
855.939 0.755699 1.14116 0 -0.510944 1.06779 0 -0.03 0 -0 1.39 1.3687 1.39 -nan 0.940252 0.9321 -0.123546 0
856.08 0.680911 1.28753 0 -0.547084 1.00691 0 -0.03 0 -0 1.39 1.45649 1.39 -nan 0.940252 0.9321 -0.123546 0
856.23 0.596401 1.43435 0 -0.575407 0.946786 0 -0.03 0 -0 1.39 1.5534 1.39 -nan 0.940252 0.9321 -0.123546 0
856.391 0.50222 1.58155 0 -0.596801 0.888314 0 -0.03 0 -0 1.39 1.65937 1.39 -nan 0.940252 0.9321 -0.123546 0
856.562 0.398424 1.72903 0 -0.612171 0.83212 0 -0.03 0 -0 1.39 1.77434 1.39 -nan 0.940252 0.9321 -0.123546 0
856.746 0.285074 1.87671 0 -0.622383 0.778617 0 -0.03 0 -0 1.39 1.89824 1.39 -nan 0.940252 0.9321 -0.123546 0
856.942 0.16224 2.0245 0 -0.628243 0.728045 0 -0.03 0 -0 1.39 2.031 1.39 -nan 0.940252 0.9321 -0.123546 0
857.152 0.0299941 2.17232 0 -0.630474 0.680508 0 -0.03 0 -0 1.39 2.17252 1.39 -nan 0.940252 0.9321 -0.123546 0
857.377 -0.111585 2.32006 0 -0.629712 0.636014 0 -0.03 0 0 1.39 2.32274 1.39 -nan 0.940252 0.9321 -0.123546 -0
857.617 -0.262411 2.46765 0 -0.626509 0.5945 0 -0.03 0 0 1.39 2.48156 1.39 -nan 0.940252 0.9321 -0.123546 -0
857.873 -0.422395 2.61499 0 -0.621337 0.555855 0 -0.03 0 0 1.39 2.64889 1.39 -nan 0.940252 0.9321 -0.123546 -0
858.147 -0.591442 2.762 0 -0.614595 0.519936 0 -0.03 0 0 1.39 2.82462 1.39 -nan 0.940252 0.9321 -0.123546 -0
858.438 -0.769449 2.90859 0 -0.606617 0.486586 0 -0.03 0 0 1.39 3.00865 1.39 -nan 0.940252 0.9321 -0.123546 -0
858.748 -0.956311 3.05467 0 -0.597684 0.455636 0 -0.03 0 0 1.39 3.20087 1.39 -nan 0.940252 0.9321 -0.123546 -0
859.078 -1.15192 3.20016 0 -0.588025 0.426919 0 -0.03 0 0 1.39 3.40117 1.39 -nan 0.940252 0.9321 -0.123546 -0
859.429 -1.35615 3.34496 0 -0.577831 0.400271 0 -0.03 0 0 1.39 3.60942 1.39 -nan 0.940252 0.9321 -0.123546 -0
859.8 -1.56888 3.489 0 -0.567259 0.375532 0 -0.03 0 0 1.39 3.8255 1.39 -nan 0.940252 0.9321 -0.123546 -0
860.194 -1.78999 3.63217 0 -0.556435 0.352554 0 -0.03 0 0 1.39 4.04929 1.39 -nan 0.940252 0.9321 -0.123546 -0
860.61 -2.01934 3.77441 0 -0.545463 0.331196 0 -0.03 0 0 1.39 4.28064 1.39 -nan 0.940252 0.9321 -0.123546 -0
861.05 -2.2568 3.91561 0 -0.534425 0.311327 0 -0.03 0 0 1.39 4.51942 1.39 -nan 0.940252 0.9321 -0.123546 -0
861.514 -2.50222 4.05571 0 -0.52339 0.292826 0 -0.03 0 0 1.39 4.76549 1.39 -nan 0.940252 0.9321 -0.123546 -0
862.003 -2.75546 4.1946 0 -0.51241 0.275583 0 -0.03 0 0 1.39 5.01869 1.39 -nan 0.940252 0.9321 -0.123546 -0
862.518 -3.01636 4.33222 0 -0.501528 0.259495 0 -0.03 0 0 1.39 5.27888 1.39 -nan 0.940252 0.9321 -0.123546 -0
863.059 -3.28478 4.46847 0 -0.490777 0.244468 0 -0.03 0 0 1.39 5.5459 1.39 -nan 0.940252 0.9321 -0.123546 -0
863.627 -3.56054 4.60329 0 -0.480181 0.230418 0 -0.03 0 0 1.39 5.81959 1.39 -nan 0.940252 0.9321 -0.123546 -0
864.223 -3.84348 4.73657 0 -0.469761 0.217266 0 -0.03 0 0 1.39 6.09979 1.39 -nan 0.940252 0.9321 -0.123546 -0
864.847 -4.13343 4.86825 0 -0.45953 0.204941 0 -0.03 0 0 1.39 6.38633 1.39 -nan 0.940252 0.9321 -0.123546 -0
865.5 -4.43023 4.99825 0 -0.449499 0.193378 0 -0.03 0 0 1.39 6.67903 1.39 -nan 0.940252 0.9321 -0.123546 -0
866.183 -4.73369 5.12649 0 -0.439674 0.182518 0 -0.03 0 0 1.39 6.97772 1.39 -nan 0.940252 0.9321 -0.123546 -0
866.895 -5.04362 5.25288 0 -0.43006 0.172307 0 -0.03 0 0 1.39 7.28223 1.39 -nan 0.940252 0.9321 -0.123546 -0
867.639 -5.35985 5.37736 0 -0.420657 0.162696 0 -0.03 0 0 1.39 7.59237 1.39 -nan 0.940252 0.9321 -0.123546 -0
868.414 -5.68218 5.49986 0 -0.411467 0.15364 0 -0.03 0 0 1.39 7.90795 1.39 -nan 0.940252 0.9321 -0.123546 -0
869.22 -6.01043 5.62029 0 -0.402488 0.145097 0 -0.03 0 0 1.39 8.22878 1.39 -nan 0.940252 0.9321 -0.123546 -0
870.059 -6.34438 5.73858 0 -0.393717 0.137031 0 -0.03 0 0 1.39 8.55468 1.39 -nan 0.940252 0.9321 -0.123546 -0
870.931 -6.68385 5.85467 0 -0.385151 0.129406 0 -0.03 0 0 1.39 8.88544 1.39 -nan 0.940252 0.9321 -0.123546 -0
871.836 -7.02863 5.96848 0 -0.376787 0.122192 0 -0.03 0 0 1.39 9.22087 1.39 -nan 0.940252 0.9321 -0.123546 -0
872.775 -7.37852 6.07995 0 -0.368619 0.11536 0 -0.03 0 0 1.39 9.56077 1.39 -nan 0.940252 0.9321 -0.123546 -0
873.748 -7.73329 6.18901 0 -0.360644 0.108883 0 -0.03 0 0 1.39 9.90493 1.39 -nan 0.940252 0.9321 -0.123546 -0
874.756 -8.09275 6.29559 0 -0.352855 0.102738 0 -0.03 0 0 1.39 10.2531 1.39 -nan 0.940252 0.9321 -0.123546 -0
875.799 -8.45667 6.39963 0 -0.345249 0.0969013 0 -0.03 0 0 1.39 10.6052 1.39 -nan 0.940252 0.9321 -0.123546 -0
876.877 -8.82484 6.50106 0 -0.337818 0.0913532 0 -0.03 0 0 1.39 10.9609 1.39 -nan 0.940252 0.9321 -0.123546 -0
877.991 -9.19704 6.59984 0 -0.330559 0.0860747 0 -0.03 0 0 1.39 11.32 1.39 -nan 0.940252 0.9321 -0.123546 -0
879.14 -9.57304 6.69589 0 -0.323464 0.0810485 0 -0.03 0 0 1.39 11.6824 1.39 -nan 0.940252 0.9321 -0.123546 -0
880.327 -9.95261 6.78916 0 -0.31653 0.0762587 0 -0.03 0 0 1.39 12.0477 1.39 -nan 0.940252 0.9321 -0.123546 -0
881.55 -10.3355 6.87959 0 -0.309751 0.0716904 0 -0.03 0 0 1.39 12.4158 1.39 -nan 0.940252 0.9321 -0.123546 -0
882.81 -10.7216 6.96713 0 -0.303121 0.0673299 0 -0.03 0 0 1.39 12.7864 1.39 -nan 0.940252 0.9321 -0.123546 -0
884.107 -11.1105 7.05173 0 -0.296635 0.0631647 0 -0.03 0 0 1.39 13.1594 1.39 -nan 0.940252 0.9321 -0.123546 -0
885.441 -11.5021 7.13333 0 -0.290289 0.0591831 0 -0.03 0 0 1.39 13.5345 1.39 -nan 0.940252 0.9321 -0.123546 -0
886.813 -11.8961 7.21189 0 -0.284078 0.0553741 0 -0.03 0 0 1.39 13.9115 1.39 -nan 0.940252 0.9321 -0.123546 -0
888.223 -12.2923 7.28736 0 -0.277995 0.0517278 0 -0.03 0 0 1.39 14.2901 1.39 -nan 0.940252 0.9321 -0.123546 -0
889.671 -12.6904 7.3597 0 -0.272038 0.0482348 0 -0.03 0 0 1.39 14.6701 1.39 -nan 0.940252 0.9321 -0.123546 -0
891.157 -13.0903 7.42885 0 -0.266202 0.0448864 0 -0.03 0 0 1.39 15.0514 1.39 -nan 0.940252 0.9321 -0.123546 -0
892.681 -13.4916 7.49479 0 -0.260482 0.0416746 0 -0.03 0 0 1.39 15.4336 1.39 -nan 0.940252 0.9321 -0.123546 -0
894.243 -13.8941 7.55746 0 -0.254874 0.0385918 0 -0.03 0 0 1.39 15.8165 1.39 -nan 0.940252 0.9321 -0.123546 -0
895.844 -14.2977 7.61684 0 -0.249374 0.035631 0 -0.03 0 0 1.39 16.2 1.39 -nan 0.940252 0.9321 -0.123546 -0
897.483 -14.7019 7.67288 0 -0.243978 0.0327857 0 -0.03 0 0 1.39 16.5837 1.39 -nan 0.940252 0.9321 -0.123546 -0
899.16 -15.1067 7.72556 0 -0.238682 0.0300498 0 -0.03 0 0 1.39 16.9675 1.39 -nan 0.940252 0.9321 -0.123546 -0
900.876 -15.5117 7.77483 0 -0.233483 0.0274176 0 -0.03 0 0 1.39 17.3511 1.39 -nan 0.940252 0.9321 -0.123546 -0
902.63 -15.9168 7.82068 0 -0.228378 0.0248838 0 -0.03 0 0 1.39 17.7343 1.39 -nan 0.940252 0.9321 -0.123546 -0
904.422 -16.3216 7.86307 0 -0.223362 0.0224433 0 -0.03 0 0 1.39 18.1169 1.39 -nan 0.940252 0.9321 -0.123546 -0
906.253 -16.7259 7.90198 0 -0.218432 0.0200914 0 -0.03 0 0 1.39 18.4986 1.39 -nan 0.940252 0.9321 -0.123546 -0
908.122 -17.1296 7.93739 0 -0.213586 0.0178239 0 -0.03 0 0 1.39 18.8792 1.39 -nan 0.940252 0.9321 -0.123546 -0
910.028 -17.5322 7.96927 0 -0.20882 0.0156367 0 -0.03 0 0 1.39 19.2585 1.39 -nan 0.940252 0.9321 -0.123546 -0
911.973 -17.9337 7.99761 0 -0.204132 0.0135257 0 -0.03 0 0 1.39 19.6362 1.39 -nan 0.940252 0.9321 -0.123546 -0
913.955 -18.3338 8.02238 0 -0.199518 0.0114875 0 -0.03 0 0 1.39 20.0121 1.39 -nan 0.940252 0.9321 -0.123546 -0
915.975 -18.7321 8.04358 0 -0.194976 0.00951868 0 -0.03 0 0 1.39 20.3861 1.39 -nan 0.940252 0.9321 -0.123546 -0
918.032 -19.1286 8.06118 0 -0.190503 0.00761595 0 -0.03 0 0 1.39 20.7578 1.39 -nan 0.940252 0.9321 -0.123546 -0
920.126 -19.5228 8.07519 0 -0.186097 0.00577635 0 -0.03 0 0 1.39 21.127 1.39 -nan 0.940252 0.9321 -0.123546 -0
922.257 -19.9147 8.08559 0 -0.181756 0.00399703 0 -0.03 0 0 1.39 21.4936 1.39 -nan 0.940252 0.9321 -0.123546 -0
924.424 -20.304 8.09237 0 -0.177476 0.00227533 0 -0.03 0 0 1.39 21.8573 1.39 -nan 0.940252 0.9321 -0.123546 -0
926.628 -20.6904 8.09553 0 -0.173255 0.000608723 0 -0.03 0 0 1.39 22.2178 1.39 -nan 0.940252 0.9321 -0.123546 -0
928.867 -21.0738 8.09507 0 -0.169093 -0.00100516 0 -0.03 0 0 1.39 22.5751 1.39 -nan 0.940252 0.9321 -0.123546 0
931.142 -21.4538 8.09099 0 -0.164985 -0.00256858 0 -0.03 0 0 1.39 22.9288 1.39 -nan 0.940252 0.9321 -0.123546 0
933.453 -21.8302 8.08329 0 -0.160931 -0.00408363 0 -0.03 0 0 1.39 23.2787 1.39 -nan 0.940252 0.9321 -0.123546 0
935.798 -22.2029 8.07198 0 -0.156928 -0.00555233 0 -0.03 0 0 1.39 23.6247 1.39 -nan 0.940252 0.9321 -0.123546 0
938.177 -22.5715 8.05706 0 -0.152975 -0.00697657 0 -0.03 0 0 1.39 23.9665 1.39 -nan 0.940252 0.9321 -0.123546 0
940.59 -22.936 8.03855 0 -0.149069 -0.00835814 0 -0.03 0 0 1.39 24.3039 1.39 -nan 0.940252 0.9321 -0.123546 0
943.037 -23.296 8.01644 0 -0.145209 -0.00969874 0 -0.03 0 0 1.39 24.6367 1.39 -nan 0.940252 0.9321 -0.123546 0
945.517 -23.6514 7.99077 0 -0.141393 -0.011 0 -0.03 0 0 1.39 24.9648 1.39 -nan 0.940252 0.9321 -0.123546 0
948.03 -24.0019 7.96153 0 -0.137619 -0.0122633 0 -0.03 0 0 1.39 25.2879 1.39 -nan 0.940252 0.9321 -0.123546 0
950.574 -24.3473 7.92875 0 -0.133886 -0.0134903 0 -0.03 0 0 1.39 25.6058 1.39 -nan 0.940252 0.9321 -0.123546 0
953.151 -24.6874 7.89246 0 -0.130192 -0.0146822 0 -0.03 0 0 1.39 25.9183 1.39 -nan 0.940252 0.9321 -0.123546 0
955.758 -25.022 7.85266 0 -0.126536 -0.0158404 0 -0.03 0 0 1.39 26.2253 1.39 -nan 0.940252 0.9321 -0.123546 0
958.395 -25.351 7.80939 0 -0.122916 -0.016966 0 -0.03 0 0 1.39 26.5266 1.39 -nan 0.940252 0.9321 -0.123546 0
961.062 -25.674 7.76266 0 -0.11933 -0.0180603 0 -0.03 0 0 1.39 26.8219 1.39 -nan 0.940252 0.9321 -0.123546 0
963.759 -25.991 7.71252 0 -0.115778 -0.0191243 0 -0.03 0 0 1.39 27.1112 1.39 -nan 0.940252 0.9321 -0.123546 0
966.484 -26.3017 7.65898 0 -0.112258 -0.0201591 0 -0.03 0 0 1.39 27.3942 1.39 -nan 0.940252 0.9321 -0.123546 0
969.237 -26.606 7.60209 0 -0.108768 -0.0211657 0 -0.03 0 0 1.39 27.6707 1.39 -nan 0.940252 0.9321 -0.123546 0
972.018 -26.9036 7.54187 0 -0.105308 -0.022145 0 -0.03 0 0 1.39 27.9407 1.39 -nan 0.940252 0.9321 -0.123546 0
974.825 -27.1944 7.47836 0 -0.101876 -0.023098 0 -0.03 0 0 1.39 28.2039 1.39 -nan 0.940252 0.9321 -0.123546 0
977.658 -27.4782 7.41159 0 -0.0984706 -0.0240255 0 -0.03 0 0 1.39 28.4602 1.39 -nan 0.940252 0.9321 -0.123546 0
980.517 -27.7548 7.34162 0 -0.0950909 -0.0249283 0 -0.03 0 0 1.39 28.7094 1.39 -nan 0.940252 0.9321 -0.123546 0
983.399 -28.0241 7.26848 0 -0.0917357 -0.0258071 0 -0.03 0 0 1.39 28.9513 1.39 -nan 0.940252 0.9321 -0.123546 0
986.306 -28.2859 7.19221 0 -0.0884039 -0.0266628 0 -0.03 0 0 1.39 29.1859 1.39 -nan 0.940252 0.9321 -0.123546 0
989.236 -28.54 7.11287 0 -0.0850944 -0.0274959 0 -0.03 0 0 1.39 29.413 1.39 -nan 0.940252 0.9321 -0.123546 0
992.188 -28.7864 7.03049 0 -0.0818059 -0.0283073 0 -0.03 0 0 1.39 29.6325 1.39 -nan 0.940252 0.9321 -0.123546 0
995.162 -29.0248 6.94513 0 -0.0785376 -0.0290974 0 -0.03 0 0 1.39 29.8441 1.39 -nan 0.940252 0.9321 -0.123546 0
998.157 -29.2551 6.85683 0 -0.0752883 -0.0298669 0 -0.03 0 0 1.39 30.0479 1.39 -nan 0.940252 0.9321 -0.123546 0
1001.17 -29.4772 6.76566 0 -0.0720571 -0.0306164 0 -0.03 0 0 1.39 30.2436 1.39 -nan 0.940252 0.9321 -0.123546 0
1004.21 -29.6909 6.67167 0 -0.0688428 -0.0313464 0 -0.03 0 0 1.39 30.4312 1.39 -nan 0.940252 0.9321 -0.123546 0
1007.26 -29.8961 6.5749 0 -0.0656446 -0.0320574 0 -0.03 0 0 1.39 30.6106 1.39 -nan 0.940252 0.9321 -0.123546 0
1010.33 -30.0927 6.47543 0 -0.0624615 -0.0327499 0 -0.03 0 0 1.39 30.7815 1.39 -nan 0.940252 0.9321 -0.123546 0
1013.41 -30.2806 6.37331 0 -0.0592925 -0.0334244 0 -0.03 0 0 1.39 30.944 1.39 -nan 0.940252 0.9321 -0.123546 0
1016.52 -30.4596 6.2686 0 -0.0561366 -0.0340812 0 -0.03 0 0 1.39 31.098 1.39 -nan 0.940252 0.9321 -0.123546 0
1019.63 -30.6297 6.16137 0 -0.0529931 -0.0347209 0 -0.03 0 0 1.39 31.2433 1.39 -nan 0.940252 0.9321 -0.123546 0
1022.76 -30.7907 6.05167 0 -0.0498608 -0.0353437 0 -0.03 0 0 1.39 31.3798 1.39 -nan 0.940252 0.9321 -0.123546 0
1025.91 -30.9426 5.93958 0 -0.046739 -0.0359501 0 -0.03 0 0 1.39 31.5075 1.39 -nan 0.940252 0.9321 -0.123546 0
1029.06 -31.0852 5.82516 0 -0.0436268 -0.0365404 0 -0.03 0 0 1.39 31.6263 1.39 -nan 0.940252 0.9321 -0.123546 0
1032.23 -31.2185 5.70848 0 -0.0405232 -0.037115 0 -0.03 0 0 1.39 31.7361 1.39 -nan 0.940252 0.9321 -0.123546 0
1035.41 -31.3424 5.58961 0 -0.0374274 -0.0376741 0 -0.03 0 0 1.39 31.8369 1.39 -nan 0.940252 0.9321 -0.123546 0
1038.6 -31.4568 5.46862 0 -0.0343385 -0.038218 0 -0.03 0 0 1.39 31.9286 1.39 -nan 0.940252 0.9321 -0.123546 0
1041.8 -31.5616 5.34559 0 -0.0312558 -0.038747 0 -0.03 0 0 1.39 32.0111 1.39 -nan 0.940252 0.9321 -0.123546 0
1045 -31.6569 5.22058 0 -0.0281782 -0.0392614 0 -0.03 0 0 1.39 32.0845 1.39 -nan 0.940252 0.9321 -0.123546 0
1048.21 -31.7424 5.09368 0 -0.0251051 -0.0397614 0 -0.03 0 0 1.39 32.1485 1.39 -nan 0.940252 0.9321 -0.123546 0
1051.43 -31.8183 4.96495 0 -0.0220355 -0.0402471 0 -0.03 0 0 1.39 32.2033 1.39 -nan 0.940252 0.9321 -0.123546 0
1054.65 -31.8844 4.83449 0 -0.0189686 -0.0407189 0 -0.03 0 0 1.39 32.2488 1.39 -nan 0.940252 0.9321 -0.123546 0
1057.88 -31.9406 4.70235 0 -0.0159035 -0.0411769 0 -0.03 0 0 1.39 32.2849 1.39 -nan 0.940252 0.9321 -0.123546 0
1061.11 -31.987 4.56864 0 -0.0128395 -0.0416213 0 -0.03 0 0 1.39 32.3116 1.39 -nan 0.940252 0.9321 -0.123546 0
1064.34 -32.0236 4.43341 0 -0.00977575 -0.0420521 0 -0.03 0 0 1.39 32.329 1.39 -nan 0.940252 0.9321 -0.123546 0
1067.58 -32.0502 4.29676 0 -0.00671133 -0.0424697 0 -0.03 0 0 1.39 32.337 1.39 -nan 0.940252 0.9321 -0.123546 0
1070.81 -32.067 4.15877 0 -0.00364545 -0.042874 0 -0.03 0 0 1.39 32.3355 1.39 -nan 0.940252 0.9321 -0.123546 0
1074.04 -32.0738 4.01952 0 -0.000577268 -0.0432652 0 -0.03 0 0 1.39 32.3247 1.39 -nan 0.940252 0.9321 -0.123546 0
1077.27 -32.0707 3.87909 0 0.00249405 -0.0436434 0 -0.03 0 0 1.39 32.3045 1.39 -nan 0.940252 0.9321 -0.123546 0
1080.5 -32.0577 3.73757 0 0.00556934 -0.0440086 0 -0.03 0 0 1.39 32.2748 1.39 -nan 0.940252 0.9321 -0.123546 0
1083.73 -32.0348 3.59504 0 0.00864945 -0.044361 0 -0.03 0 0 1.39 32.2359 1.39 -nan 0.940252 0.9321 -0.123546 0
1086.95 -32.0019 3.4516 0 0.0117352 -0.0447006 0 -0.03 0 0 1.39 32.1875 1.39 -nan 0.940252 0.9321 -0.123546 0
1090.17 -31.9592 3.30731 0 0.0148275 -0.0450274 0 -0.03 0 0 1.39 32.1299 1.39 -nan 0.940252 0.9321 -0.123546 0
1093.38 -31.9067 3.16228 0 0.0179272 -0.0453413 0 -0.03 0 0 1.39 32.063 1.39 -nan 0.940252 0.9321 -0.123546 0
1096.58 -31.8443 3.01658 0 0.0210352 -0.0456426 0 -0.03 0 0 1.39 31.9868 1.39 -nan 0.940252 0.9321 -0.123546 0
1099.77 -31.7721 2.87031 0 0.0241523 -0.045931 0 -0.03 0 0 1.39 31.9015 1.39 -nan 0.940252 0.9321 -0.123546 0
1102.96 -31.6902 2.72355 0 0.0272795 -0.0462066 0 -0.03 0 0 1.39 31.807 1.39 -nan 0.940252 0.9321 -0.123546 0
1106.13 -31.5986 2.5764 0 0.0304176 -0.0464694 0 -0.03 0 0 1.39 31.7034 1.39 -nan 0.940252 0.9321 -0.123546 0
1109.3 -31.4973 2.42893 0 0.0335675 -0.0467193 0 -0.03 0 0 1.39 31.5909 1.39 -nan 0.940252 0.9321 -0.123546 0
1112.45 -31.3865 2.28124 0 0.0367302 -0.0469562 0 -0.03 0 0 1.39 31.4693 1.39 -nan 0.940252 0.9321 -0.123546 0
1115.59 -31.2662 2.13342 0 0.0399066 -0.04718 0 -0.03 0 0 1.39 31.3389 1.39 -nan 0.940252 0.9321 -0.123546 0
1118.72 -31.1364 1.98555 0 0.0430977 -0.0473906 0 -0.03 0 0 1.39 31.1997 1.39 -nan 0.940252 0.9321 -0.123546 0
1121.83 -30.9973 1.83773 0 0.0463044 -0.0475879 0 -0.03 0 0 1.39 31.0517 1.39 -nan 0.940252 0.9321 -0.123546 0
1124.93 -30.8489 1.69003 0 0.0495278 -0.0477717 0 -0.03 0 0 1.39 30.8951 1.39 -nan 0.940252 0.9321 -0.123546 0
1128.01 -30.6913 1.54256 0 0.0527687 -0.047942 0 -0.03 0 0 1.39 30.73 1.39 -nan 0.940252 0.9321 -0.123546 0
1131.08 -30.5246 1.3954 0 0.0560284 -0.0480984 0 -0.03 0 0 1.39 30.5564 1.39 -nan 0.940252 0.9321 -0.123546 0
1134.12 -30.3489 1.24864 0 0.0593077 -0.0482408 0 -0.03 0 0 1.39 30.3746 1.39 -nan 0.940252 0.9321 -0.123546 0
1137.15 -30.1643 1.10237 0 0.0626078 -0.048369 0 -0.03 0 0 1.39 30.1844 1.39 -nan 0.940252 0.9321 -0.123546 0
1140.16 -29.971 0.956664 0 0.0659298 -0.0484827 0 -0.03 0 0 1.39 29.9862 1.39 -nan 0.940252 0.9321 -0.123546 0
1143.15 -29.7689 0.811623 0 0.0692748 -0.0485817 0 -0.03 0 0 1.39 29.78 1.39 -nan 0.940252 0.9321 -0.123546 0
1146.11 -29.5584 0.667331 0 0.0726439 -0.0486656 0 -0.03 0 0 1.39 29.5659 1.39 -nan 0.940252 0.9321 -0.123546 0
1149.06 -29.3394 0.523873 0 0.0760382 -0.0487343 0 -0.03 0 0 1.39 29.3441 1.39 -nan 0.940252 0.9321 -0.123546 0
1151.98 -29.1122 0.381336 0 0.0794591 -0.0487872 0 -0.03 0 0 1.39 29.1146 1.39 -nan 0.940252 0.9321 -0.123546 0
1154.88 -28.8767 0.239805 0 0.0829077 -0.0488241 0 -0.03 0 0 1.39 28.8777 1.39 -nan 0.940252 0.9321 -0.123546 0
1157.76 -28.6333 0.0993661 0 0.0863853 -0.0488446 0 -0.03 0 0 1.39 28.6335 1.39 -nan 0.940252 0.9321 -0.123546 0
1160.61 -28.3821 -0.0398973 0 0.0898933 -0.0488482 0 -0.03 0 0 1.39 28.3821 1.39 -nan 0.940252 0.9321 -0.123546 0
1163.44 -28.1231 -0.177902 0 0.0934328 -0.0488345 0 -0.03 0 0 1.39 28.1237 1.39 -nan 0.940252 0.9321 -0.123546 0
1166.24 -27.8566 -0.314564 0 0.0970054 -0.0488031 0 -0.03 0 0 1.39 27.8583 1.39 -nan 0.940252 0.9321 -0.123546 0
1169.01 -27.5826 -0.449802 0 0.100612 -0.0487533 0 -0.03 0 0 1.39 27.5863 1.39 -nan 0.940252 0.9321 -0.123546 0
1171.75 -27.3015 -0.583535 0 0.104255 -0.0486846 0 -0.03 0 0 1.39 27.3077 1.39 -nan 0.940252 0.9321 -0.123546 0
1174.47 -27.0133 -0.715682 0 0.107935 -0.0485966 0 -0.03 0 0 1.39 27.0228 1.39 -nan 0.940252 0.9321 -0.123546 0
1177.16 -26.7182 -0.846165 0 0.111655 -0.0484884 0 -0.03 0 0 1.39 26.7316 1.39 -nan 0.940252 0.9321 -0.123546 0
1179.82 -26.4164 -0.974905 0 0.115414 -0.0483595 0 -0.03 0 0 1.39 26.4343 1.39 -nan 0.940252 0.9321 -0.123546 0
1182.44 -26.108 -1.10182 0 0.119216 -0.0482091 0 -0.03 0 0 1.39 26.1313 1.39 -nan 0.940252 0.9321 -0.123546 0
1185.04 -25.7933 -1.22685 0 0.123062 -0.0480365 0 -0.03 0 0 1.39 25.8225 1.39 -nan 0.940252 0.9321 -0.123546 0
1187.61 -25.4725 -1.3499 0 0.126954 -0.0478408 0 -0.03 0 0 1.39 25.5082 1.39 -nan 0.940252 0.9321 -0.123546 0
1190.14 -25.1457 -1.47091 0 0.130893 -0.0476212 0 -0.03 0 0 1.39 25.1887 1.39 -nan 0.940252 0.9321 -0.123546 0
1192.65 -24.8131 -1.58979 0 0.134882 -0.0473768 0 -0.03 0 0 1.39 24.864 1.39 -nan 0.940252 0.9321 -0.123546 0
1195.12 -24.475 -1.70649 0 0.138922 -0.0471066 0 -0.03 0 0 1.39 24.5344 1.39 -nan 0.940252 0.9321 -0.123546 0
1197.55 -24.1315 -1.82093 0 0.143015 -0.0468094 0 -0.03 0 0 1.39 24.2001 1.39 -nan 0.940252 0.9321 -0.123546 0
1199.96 -23.7828 -1.93304 0 0.147164 -0.0464843 0 -0.03 0 0 1.39 23.8612 1.39 -nan 0.940252 0.9321 -0.123546 0
1202.33 -23.4292 -2.04276 0 0.151371 -0.0461299 0 -0.03 0 0 1.39 23.5181 1.39 -nan 0.940252 0.9321 -0.123546 0
1204.66 -23.0708 -2.15002 0 0.155637 -0.0457451 0 -0.03 0 0 1.39 23.1708 1.39 -nan 0.940252 0.9321 -0.123546 0
1206.96 -22.7079 -2.25474 0 0.159966 -0.0453285 0 -0.03 0 0 1.39 22.8196 1.39 -nan 0.940252 0.9321 -0.123546 0
1209.22 -22.3408 -2.35689 0 0.16436 -0.0448786 0 -0.03 0 0 1.39 22.4647 1.39 -nan 0.940252 0.9321 -0.123546 0
1211.45 -21.9695 -2.45638 0 0.168822 -0.0443938 0 -0.03 0 0 1.39 22.1064 1.39 -nan 0.940252 0.9321 -0.123546 0
1213.65 -21.5944 -2.55316 0 0.173353 -0.0438726 0 -0.03 0 0 1.39 21.7448 1.39 -nan 0.940252 0.9321 -0.123546 0
1215.8 -21.2156 -2.64717 0 0.177957 -0.0433132 0 -0.03 0 0 1.39 21.3801 1.39 -nan 0.940252 0.9321 -0.123546 0
1217.92 -20.8334 -2.73837 0 0.182637 -0.0427137 0 -0.03 0 0 1.39 21.0126 1.39 -nan 0.940252 0.9321 -0.123546 0
1220.01 -20.4481 -2.82668 0 0.187396 -0.042072 0 -0.03 0 0 1.39 20.6425 1.39 -nan 0.940252 0.9321 -0.123546 0
1222.05 -20.0598 -2.91206 0 0.192237 -0.0413861 0 -0.03 0 0 1.39 20.27 1.39 -nan 0.940252 0.9321 -0.123546 0
1224.06 -19.6688 -2.99446 0 0.197163 -0.0406536 0 -0.03 0 0 1.39 19.8954 1.39 -nan 0.940252 0.9321 -0.123546 0
1226.03 -19.2753 -3.07382 0 0.202177 -0.0398721 0 -0.03 0 0 1.39 19.5188 1.39 -nan 0.940252 0.9321 -0.123546 0
1227.96 -18.8795 -3.15011 0 0.207283 -0.0390389 0 -0.03 0 0 1.39 19.1405 1.39 -nan 0.940252 0.9321 -0.123546 0
1229.86 -18.4818 -3.22327 0 0.212486 -0.0381512 0 -0.03 0 0 1.39 18.7607 1.39 -nan 0.940252 0.9321 -0.123546 0
